#FMR data from 2025-05-08 11:09:22.253168 freqᵡ_rᵡ_i
2.51327e+08	1.25769e+02	4.76423e+01
2.66917e+08	1.21691e+02	2.70132e+01
2.82508e+08	1.07682e+02	1.55875e+01
2.98098e+08	1.23173e+02	3.37268e+01
3.13688e+08	1.25908e+02	3.14125e+01
3.29278e+08	1.47777e+02	2.70338e+01
3.44868e+08	1.08140e+02	1.72197e+01
3.60458e+08	1.03277e+02	4.74448e+01
3.76048e+08	1.07447e+02	5.18320e+01
3.91638e+08	1.35302e+02	7.63974e+01
4.07228e+08	1.16476e+02	4.21872e+01
4.22818e+08	1.02027e+02	7.27715e+01
4.38409e+08	1.01244e+02	6.93987e+01
4.53998e+08	1.06763e+02	6.86015e+01
4.69589e+08	9.39884e+01	6.38434e+01
4.85179e+08	8.51807e+01	6.54276e+01
5.00769e+08	1.09988e+02	7.04248e+01
5.16359e+08	8.64128e+01	7.28311e+01
5.31949e+08	8.51588e+01	5.94448e+01
5.47539e+08	9.68036e+01	7.31439e+01
5.63129e+08	1.02063e+02	6.80800e+01
5.78720e+08	8.05265e+01	5.44034e+01
5.94310e+08	9.22731e+01	6.92266e+01
6.09899e+08	8.09225e+01	5.57493e+01
6.25490e+08	9.70303e+01	7.01524e+01
6.41080e+08	9.61486e+01	6.73946e+01
6.56668e+08	9.71588e+01	6.33998e+01
6.72257e+08	8.63720e+01	6.27693e+01
6.87852e+08	7.95907e+01	5.69435e+01
7.03440e+08	8.30631e+01	5.78812e+01
7.19029e+08	6.59621e+01	6.98035e+01
7.34617e+08	8.08735e+01	6.58587e+01
7.50212e+08	6.90254e+01	6.35837e+01
7.65801e+08	8.04420e+01	5.44661e+01
7.81389e+08	6.93437e+01	6.27279e+01
7.96978e+08	7.47713e+01	6.39865e+01
8.12573e+08	7.23476e+01	6.28823e+01
8.28162e+08	7.12321e+01	6.48561e+01
8.43750e+08	8.24985e+01	5.98242e+01
8.59339e+08	6.47866e+01	6.20981e+01
8.74934e+08	6.76491e+01	5.80427e+01
8.90522e+08	6.93659e+01	5.89075e+01
9.06111e+08	6.59140e+01	6.48004e+01
9.21699e+08	6.72596e+01	5.36888e+01
9.37294e+08	6.28640e+01	6.95892e+01
9.52883e+08	5.61206e+01	6.01862e+01
9.68471e+08	5.30694e+01	6.67663e+01
9.84060e+08	6.73472e+01	5.56045e+01
9.99655e+08	5.71657e+01	5.22619e+01
1.01524e+09	5.80854e+01	6.17021e+01
1.03083e+09	6.33878e+01	6.21763e+01
1.04642e+09	6.33871e+01	5.48800e+01
1.06202e+09	6.19486e+01	5.69337e+01
1.07760e+09	4.84823e+01	5.06876e+01
1.09319e+09	6.21955e+01	6.80582e+01
1.10878e+09	5.14215e+01	6.01815e+01
1.12437e+09	5.43697e+01	6.27752e+01
1.13996e+09	4.81131e+01	5.48923e+01
1.15555e+09	4.64419e+01	5.26355e+01
1.17114e+09	5.60548e+01	5.90473e+01
1.18673e+09	4.39143e+01	5.99091e+01
1.20233e+09	4.85558e+01	6.04522e+01
1.21791e+09	5.21104e+01	6.31865e+01
1.23350e+09	4.77214e+01	6.10772e+01
1.24909e+09	4.36360e+01	6.27686e+01
1.26469e+09	4.25283e+01	5.88336e+01
1.28027e+09	4.49238e+01	6.09271e+01
1.29586e+09	4.38453e+01	5.93491e+01
1.31145e+09	4.50928e+01	5.81987e+01
1.32705e+09	4.60910e+01	5.39090e+01
1.34264e+09	4.37189e+01	6.01108e+01
1.35822e+09	3.77957e+01	6.26721e+01
1.37381e+09	4.61250e+01	5.40596e+01
1.38941e+09	3.92312e+01	6.04317e+01
1.40500e+09	4.23399e+01	5.32542e+01
1.42058e+09	3.91061e+01	5.05413e+01
1.43617e+09	3.93002e+01	5.68947e+01
1.45177e+09	3.70949e+01	5.28935e+01
1.46736e+09	3.60410e+01	6.08936e+01
1.48294e+09	3.98769e+01	5.74477e+01
1.49853e+09	3.95695e+01	5.25280e+01
1.51412e+09	3.78301e+01	5.56901e+01
1.52972e+09	3.40390e+01	5.63265e+01
1.54531e+09	2.70977e+01	5.47232e+01
1.56089e+09	3.52576e+01	4.89246e+01
1.57648e+09	3.42023e+01	5.78208e+01
1.59208e+09	3.26147e+01	5.99788e+01
1.60767e+09	3.13843e+01	5.46801e+01
1.62325e+09	3.56905e+01	5.12487e+01
1.63884e+09	3.73007e+01	5.46295e+01
1.65444e+09	3.09622e+01	5.04596e+01
1.67003e+09	3.29536e+01	5.34212e+01
1.68562e+09	3.42101e+01	5.08666e+01
1.70120e+09	3.06383e+01	4.85166e+01
1.71680e+09	2.50673e+01	4.99089e+01
1.73239e+09	3.03637e+01	4.66186e+01
1.74798e+09	2.60099e+01	5.53908e+01
1.76356e+09	3.04428e+01	5.24089e+01
1.77916e+09	3.22079e+01	4.67845e+01
1.79475e+09	2.65368e+01	4.98536e+01
1.81034e+09	2.61060e+01	4.65374e+01
1.82593e+09	2.84816e+01	5.33996e+01
1.84152e+09	2.77315e+01	5.24509e+01
1.85711e+09	2.51501e+01	5.19868e+01
1.87270e+09	2.73004e+01	4.64934e+01
1.88829e+09	2.79247e+01	5.09310e+01
1.90388e+09	2.32950e+01	4.69379e+01
1.91947e+09	2.60563e+01	4.91697e+01
1.93506e+09	2.31378e+01	4.57560e+01
1.95065e+09	2.48153e+01	4.86475e+01
1.96623e+09	2.38862e+01	4.68503e+01
1.98183e+09	2.33380e+01	4.55311e+01
1.99742e+09	2.55984e+01	4.62803e+01
2.01301e+09	2.27810e+01	4.32541e+01
2.02860e+09	2.55498e+01	4.35050e+01
2.04419e+09	2.28792e+01	4.68798e+01
2.05978e+09	2.36016e+01	4.71983e+01
2.07537e+09	2.55392e+01	4.63958e+01
2.09096e+09	2.56436e+01	4.49919e+01
2.10655e+09	2.10322e+01	4.53239e+01
2.12214e+09	2.26093e+01	4.63172e+01
2.13773e+09	2.42061e+01	4.70016e+01
2.15332e+09	2.32211e+01	4.08382e+01
2.16891e+09	2.39598e+01	4.15805e+01
2.18450e+09	2.35957e+01	4.47202e+01
2.20009e+09	1.76858e+01	4.19015e+01
2.21568e+09	1.86151e+01	4.14100e+01
2.23127e+09	1.75324e+01	4.15335e+01
2.24686e+09	2.25532e+01	4.13288e+01
2.26245e+09	2.30384e+01	4.43267e+01
2.27804e+09	2.03887e+01	4.08104e+01
2.29363e+09	2.23340e+01	4.34848e+01
2.30922e+09	2.08372e+01	3.90728e+01
2.32481e+09	2.17974e+01	4.31259e+01
2.34040e+09	1.72909e+01	4.14264e+01
2.35599e+09	1.79104e+01	4.24579e+01
2.37158e+09	1.99771e+01	4.07228e+01
2.38717e+09	2.09126e+01	4.06183e+01
2.40276e+09	2.06657e+01	4.15355e+01
2.41835e+09	1.71794e+01	3.48656e+01
2.43394e+09	1.67190e+01	3.42976e+01
2.44953e+09	1.87976e+01	3.74843e+01
2.46512e+09	1.98410e+01	3.93170e+01
2.48071e+09	2.05754e+01	3.96547e+01
2.49630e+09	1.55586e+01	3.84257e+01
2.51189e+09	1.37172e+01	3.90486e+01
2.52748e+09	1.76012e+01	3.66552e+01
2.54307e+09	1.61883e+01	3.63570e+01
2.55866e+09	1.55895e+01	3.82466e+01
2.57425e+09	1.59958e+01	3.78805e+01
2.58984e+09	1.70917e+01	3.65397e+01
2.60543e+09	1.56727e+01	3.67914e+01
2.62102e+09	1.40965e+01	3.76639e+01
2.63661e+09	1.71116e+01	3.47836e+01
2.65220e+09	1.64099e+01	3.78644e+01
2.66779e+09	1.67064e+01	3.79296e+01
2.68339e+09	1.53787e+01	3.59349e+01
2.69897e+09	1.57674e+01	3.82178e+01
2.71456e+09	1.71108e+01	3.70754e+01
2.73015e+09	1.20939e+01	3.62492e+01
2.74574e+09	1.71153e+01	3.57316e+01
2.76133e+09	1.51626e+01	3.27848e+01
2.77692e+09	1.55541e+01	3.71180e+01
2.79251e+09	1.42081e+01	3.71742e+01
2.80810e+09	1.32266e+01	3.61527e+01
2.82369e+09	1.49367e+01	3.65586e+01
2.83928e+09	1.73723e+01	3.37138e+01
2.85487e+09	1.21853e+01	3.40059e+01
2.87046e+09	1.50338e+01	3.35103e+01
2.88606e+09	1.45593e+01	3.45920e+01
2.90164e+09	1.74080e+01	3.61310e+01
2.91723e+09	1.30929e+01	3.39233e+01
2.93282e+09	1.26773e+01	3.51326e+01
2.94842e+09	1.18792e+01	3.33901e+01
2.96400e+09	1.28262e+01	3.26078e+01
2.97959e+09	1.33705e+01	3.40560e+01
2.99518e+09	1.16920e+01	3.30207e+01
3.01078e+09	1.45893e+01	3.32709e+01
3.02637e+09	1.59379e+01	3.13631e+01
3.04195e+09	1.41174e+01	3.52373e+01
3.05754e+09	1.16166e+01	3.42718e+01
3.07314e+09	1.30901e+01	3.23522e+01
3.08873e+09	1.23230e+01	3.40116e+01
3.10431e+09	1.36529e+01	3.06607e+01
3.11990e+09	1.34080e+01	3.26301e+01
3.13550e+09	1.43559e+01	3.31655e+01
3.15109e+09	1.16899e+01	3.15465e+01
3.16668e+09	1.51452e+01	2.93113e+01
3.18226e+09	1.20208e+01	3.10776e+01
3.19785e+09	1.65967e+01	3.32138e+01
3.21345e+09	1.48716e+01	3.15219e+01
3.22904e+09	1.36922e+01	3.04138e+01
3.24462e+09	1.43222e+01	3.09263e+01
3.26021e+09	1.30093e+01	3.25201e+01
3.27581e+09	1.05593e+01	3.16059e+01
3.29140e+09	1.11543e+01	3.00120e+01
3.30698e+09	1.15253e+01	2.87981e+01
3.32257e+09	1.05261e+01	2.69496e+01
3.33817e+09	1.26760e+01	3.07622e+01
3.35376e+09	1.19375e+01	3.01424e+01
3.36935e+09	1.13960e+01	2.94408e+01
3.38493e+09	7.68681e+00	2.84107e+01
3.40053e+09	1.07505e+01	2.88134e+01
3.41612e+09	1.34528e+01	2.82469e+01
3.43171e+09	1.17109e+01	2.72314e+01
3.44729e+09	1.14641e+01	2.75019e+01
3.46289e+09	1.06721e+01	2.73472e+01
3.47848e+09	1.06539e+01	2.83530e+01
3.49407e+09	1.17848e+01	2.90820e+01
3.50966e+09	1.10673e+01	2.81245e+01
3.52525e+09	7.51823e+00	2.80703e+01
3.54084e+09	8.61294e+00	2.84359e+01
3.55643e+09	1.09228e+01	3.00317e+01
3.57202e+09	1.03436e+01	2.87398e+01
3.58760e+09	1.37955e+01	2.69465e+01
3.60320e+09	1.04420e+01	2.90174e+01
3.61879e+09	9.98359e+00	2.86142e+01
3.63438e+09	1.13085e+01	2.64179e+01
3.64997e+09	1.04617e+01	2.94255e+01
3.66556e+09	1.02941e+01	2.75408e+01
3.68115e+09	1.10327e+01	2.66272e+01
3.69674e+09	9.35136e+00	2.83832e+01
3.71233e+09	1.07301e+01	2.74400e+01
3.72792e+09	8.53868e+00	2.56853e+01
3.74351e+09	9.03389e+00	2.68759e+01
3.75910e+09	9.38111e+00	2.54224e+01
3.77469e+09	1.07353e+01	2.43312e+01
3.79028e+09	1.20928e+01	2.43628e+01
3.80587e+09	1.05186e+01	2.46514e+01
3.82146e+09	9.60410e+00	2.54861e+01
3.83705e+09	1.02793e+01	2.60689e+01
3.85264e+09	9.06735e+00	2.42957e+01
3.86823e+09	1.05829e+01	2.51064e+01
3.88382e+09	9.32112e+00	2.83457e+01
3.89941e+09	1.16993e+01	2.65559e+01
3.91500e+09	8.03877e+00	2.50548e+01
3.93059e+09	1.00309e+01	2.63322e+01
3.94618e+09	1.21789e+01	2.41079e+01
3.96177e+09	9.12841e+00	2.35087e+01
3.97736e+09	7.29748e+00	2.39510e+01
3.99295e+09	1.31434e+01	2.65306e+01
4.00854e+09	1.10011e+01	2.38481e+01
4.02413e+09	1.06257e+01	2.64589e+01
4.03972e+09	9.61312e+00	2.57477e+01
4.05531e+09	9.37711e+00	2.52399e+01
4.07090e+09	1.15172e+01	2.30331e+01
4.08649e+09	8.64819e+00	2.69294e+01
4.10208e+09	1.07781e+01	2.50662e+01
4.11767e+09	7.75145e+00	2.52407e+01
4.13326e+09	1.02536e+01	2.74534e+01
4.14885e+09	9.40376e+00	2.36929e+01
4.16444e+09	9.46256e+00	2.49128e+01
4.18003e+09	1.41828e+01	2.10397e+01
4.19562e+09	1.01251e+01	2.58447e+01
4.21121e+09	1.07466e+01	2.33494e+01
4.22680e+09	8.07429e+00	2.36118e+01
4.24239e+09	1.21449e+01	2.24496e+01
4.25798e+09	1.03500e+01	2.26476e+01
4.27357e+09	1.03873e+01	2.41451e+01
4.28916e+09	1.14973e+01	2.31996e+01
4.30475e+09	1.11858e+01	2.10605e+01
4.32034e+09	8.86184e+00	2.43312e+01
4.33593e+09	1.04107e+01	2.40100e+01
4.35152e+09	1.00101e+01	2.37066e+01
4.36712e+09	9.73847e+00	2.23767e+01
4.38270e+09	8.54264e+00	2.14919e+01
4.39829e+09	7.80691e+00	2.45117e+01
4.41388e+09	8.02105e+00	2.31537e+01
4.42947e+09	1.00026e+01	2.27587e+01
4.44506e+09	7.79045e+00	2.02866e+01
4.46065e+09	9.78928e+00	2.16132e+01
4.47624e+09	9.05180e+00	2.21512e+01
4.49183e+09	1.29169e+01	1.84394e+01
4.50743e+09	1.14582e+01	2.15203e+01
4.52301e+09	1.00758e+01	2.15478e+01
4.53860e+09	6.69047e+00	2.47349e+01
4.55419e+09	8.18101e+00	2.20343e+01
4.56979e+09	1.03633e+01	2.23916e+01
4.58537e+09	1.08351e+01	2.31575e+01
4.60096e+09	9.13545e+00	2.32522e+01
4.61655e+09	1.12913e+01	2.20610e+01
4.63215e+09	9.40766e+00	2.23553e+01
4.64774e+09	8.53409e+00	2.25639e+01
4.66332e+09	7.44511e+00	2.25949e+01
4.67891e+09	9.86275e+00	2.07856e+01
4.69451e+09	7.73812e+00	2.05147e+01
4.71010e+09	9.91068e+00	2.02321e+01
4.72568e+09	9.66400e+00	2.10364e+01
4.74127e+09	6.53514e+00	2.24716e+01
4.75687e+09	8.78419e+00	2.10575e+01
4.77246e+09	8.85796e+00	2.00687e+01
4.78804e+09	8.42023e+00	2.17436e+01
4.80363e+09	1.00944e+01	2.06446e+01
4.81923e+09	9.97991e+00	2.01276e+01
4.83482e+09	9.15343e+00	2.05083e+01
4.85041e+09	8.55838e+00	2.08736e+01
4.86599e+09	6.30677e+00	2.00575e+01
4.88158e+09	8.09115e+00	1.84216e+01
4.89718e+09	8.33987e+00	2.11354e+01
4.91277e+09	8.18259e+00	2.13090e+01
4.92835e+09	8.96836e+00	2.14209e+01
4.94394e+09	1.03510e+01	2.12531e+01
4.95954e+09	1.08448e+01	2.08911e+01
4.97513e+09	1.02944e+01	2.10899e+01
4.99072e+09	1.02718e+01	1.95587e+01
5.00630e+09	9.30960e+00	2.10719e+01
5.02190e+09	8.85613e+00	2.07676e+01
5.03749e+09	9.78117e+00	1.94797e+01
5.05308e+09	9.45409e+00	2.02574e+01
5.06866e+09	9.78644e+00	2.06899e+01
5.08426e+09	1.04009e+01	2.00569e+01
5.09985e+09	8.39932e+00	1.94356e+01
5.11544e+09	7.56878e+00	2.08634e+01
5.13103e+09	9.14275e+00	1.86030e+01
5.14662e+09	9.91481e+00	2.10426e+01
5.16221e+09	9.28008e+00	1.84466e+01
5.17780e+09	1.01082e+01	1.85898e+01
5.19339e+09	9.82467e+00	1.83949e+01
5.20898e+09	1.02575e+01	1.96730e+01
5.22457e+09	9.40793e+00	1.76635e+01
5.24016e+09	8.25021e+00	1.89964e+01
5.25575e+09	8.01908e+00	1.94696e+01
5.27133e+09	1.05268e+01	1.89686e+01
5.28693e+09	8.73528e+00	2.04518e+01
5.30252e+09	9.37975e+00	1.92102e+01
5.31811e+09	1.02150e+01	1.92055e+01
5.33370e+09	8.53268e+00	2.00611e+01
5.34929e+09	9.42172e+00	1.93678e+01
5.36488e+09	1.11897e+01	1.89500e+01
5.38047e+09	8.39819e+00	2.08439e+01
5.39606e+09	7.78707e+00	1.90435e+01
5.41165e+09	8.91115e+00	2.00063e+01
5.42724e+09	8.58975e+00	1.90574e+01
5.44283e+09	7.09113e+00	1.95495e+01
5.45842e+09	8.50593e+00	1.97066e+01
5.47401e+09	6.46077e+00	1.79403e+01
5.48960e+09	8.60815e+00	1.84951e+01
5.50519e+09	1.04620e+01	1.99092e+01
5.52078e+09	7.07506e+00	1.87641e+01
5.53637e+09	6.78957e+00	1.79227e+01
5.55196e+09	9.75296e+00	1.92883e+01
5.56755e+09	7.57480e+00	1.59867e+01
5.58314e+09	7.27658e+00	1.73781e+01
5.59873e+09	9.46045e+00	1.72626e+01
5.61432e+09	8.74851e+00	1.89957e+01
5.62991e+09	8.79232e+00	1.80301e+01
5.64550e+09	8.98338e+00	1.60482e+01
5.66109e+09	7.28045e+00	1.85528e+01
5.67668e+09	7.27084e+00	1.62187e+01
5.69227e+09	9.50033e+00	1.74779e+01
5.70786e+09	9.45295e+00	1.83736e+01
5.72345e+09	8.36767e+00	1.69911e+01
5.73904e+09	8.94966e+00	1.70140e+01
5.75463e+09	7.76763e+00	1.73192e+01
5.77022e+09	8.13558e+00	1.91514e+01
5.78581e+09	1.02558e+01	1.78966e+01
5.80140e+09	8.13441e+00	1.88085e+01
5.81699e+09	9.73511e+00	1.85169e+01
5.83258e+09	7.23295e+00	1.96779e+01
5.84817e+09	8.52385e+00	1.81253e+01
5.86376e+09	8.66215e+00	1.62260e+01
5.87935e+09	7.49022e+00	1.77389e+01
5.89494e+09	8.41816e+00	1.73166e+01
5.91053e+09	7.31905e+00	1.64628e+01
5.92612e+09	7.28585e+00	1.80008e+01
5.94171e+09	8.17296e+00	1.68771e+01
5.95730e+09	7.32419e+00	1.90800e+01
5.97289e+09	6.87440e+00	1.68978e+01
5.98849e+09	9.41982e+00	1.71926e+01
6.00407e+09	8.54826e+00	1.87763e+01
6.01966e+09	6.78920e+00	1.78958e+01
6.03525e+09	7.52142e+00	1.78127e+01
6.05085e+09	8.32084e+00	1.66678e+01
6.06643e+09	9.56086e+00	1.59844e+01
6.08202e+09	6.78704e+00	1.73630e+01
6.09761e+09	7.28650e+00	1.68339e+01
6.11320e+09	8.03522e+00	1.62669e+01
6.12879e+09	8.28684e+00	1.60624e+01
6.14438e+09	8.15629e+00	1.75653e+01
6.15997e+09	7.39526e+00	1.72074e+01
6.17556e+09	8.55878e+00	1.54177e+01
6.19116e+09	9.84095e+00	1.66655e+01
6.20674e+09	8.13120e+00	1.68078e+01
6.22233e+09	7.71795e+00	1.67805e+01
6.23792e+09	8.55083e+00	1.72189e+01
6.25352e+09	8.23734e+00	1.65135e+01
6.26910e+09	8.67887e+00	1.74195e+01
6.28469e+09	7.57526e+00	1.65876e+01
6.30028e+09	8.17620e+00	1.63931e+01
6.31586e+09	6.68435e+00	1.75119e+01
6.33144e+09	8.91504e+00	1.50004e+01
6.34709e+09	7.83252e+00	1.65626e+01
6.36267e+09	6.07171e+00	1.62557e+01
6.37825e+09	7.87370e+00	1.68906e+01
6.39383e+09	8.47920e+00	1.59519e+01
6.40941e+09	9.08147e+00	1.58371e+01
6.42500e+09	8.27625e+00	1.70379e+01
6.44058e+09	7.67366e+00	1.66174e+01
6.45616e+09	7.79969e+00	1.61476e+01
6.47181e+09	7.84633e+00	1.62378e+01
6.48739e+09	8.38473e+00	1.68437e+01
6.50297e+09	8.15350e+00	1.52072e+01
6.51855e+09	9.02280e+00	1.69574e+01
6.53414e+09	9.15504e+00	1.58319e+01
6.54972e+09	7.48190e+00	1.67664e+01
6.56530e+09	8.94039e+00	1.42104e+01
6.58088e+09	8.56736e+00	1.62324e+01
6.59646e+09	7.18235e+00	1.58337e+01
6.61211e+09	7.21584e+00	1.60642e+01
6.62769e+09	7.01967e+00	1.54206e+01
6.64327e+09	7.84442e+00	1.56176e+01
6.65886e+09	7.99158e+00	1.61448e+01
6.67444e+09	7.61755e+00	1.50138e+01
6.69002e+09	8.76338e+00	1.54093e+01
6.70560e+09	8.03491e+00	1.64423e+01
6.72119e+09	8.08904e+00	1.59503e+01
6.73683e+09	7.07561e+00	1.55885e+01
6.75241e+09	7.47476e+00	1.69808e+01
6.76800e+09	7.52575e+00	1.69279e+01
6.78358e+09	7.34213e+00	1.45961e+01
6.79916e+09	7.61201e+00	1.64998e+01
6.81474e+09	7.43788e+00	1.65448e+01
6.83033e+09	8.35950e+00	1.47998e+01
6.84591e+09	6.98962e+00	1.62482e+01
6.86155e+09	7.27937e+00	1.65092e+01
6.87713e+09	8.38093e+00	1.39389e+01
6.89272e+09	8.11820e+00	1.44554e+01
6.90830e+09	7.18730e+00	1.58365e+01
6.92388e+09	6.47715e+00	1.48691e+01
6.93946e+09	7.67929e+00	1.44797e+01
6.95505e+09	5.90817e+00	1.52996e+01
6.97063e+09	8.29898e+00	1.58038e+01
6.98627e+09	8.70165e+00	1.50667e+01
7.00186e+09	5.97098e+00	1.44392e+01
7.01744e+09	7.84680e+00	1.47066e+01
7.03302e+09	6.60566e+00	1.46069e+01
7.04860e+09	7.35641e+00	1.45133e+01
7.06419e+09	8.21280e+00	1.45871e+01
7.07977e+09	7.30831e+00	1.34566e+01
7.09535e+09	7.70897e+00	1.46766e+01
7.11099e+09	8.80315e+00	1.44633e+01
7.12658e+09	7.92409e+00	1.51179e+01
7.14216e+09	7.17357e+00	1.66673e+01
7.15774e+09	5.59174e+00	1.28971e+01
7.17332e+09	8.05045e+00	1.51150e+01
7.18891e+09	7.90220e+00	1.44100e+01
7.20449e+09	7.16850e+00	1.59157e+01
7.22007e+09	6.62715e+00	1.38722e+01
7.23572e+09	7.44269e+00	1.48204e+01
7.25130e+09	7.36684e+00	1.44401e+01
7.26688e+09	7.57148e+00	1.49231e+01
7.28246e+09	7.90983e+00	1.34953e+01
7.29805e+09	7.41406e+00	1.48904e+01
7.31363e+09	7.92365e+00	1.48650e+01
7.32921e+09	8.27610e+00	1.49897e+01
7.34479e+09	6.62152e+00	1.43044e+01
7.36044e+09	7.19611e+00	1.46471e+01
7.37602e+09	7.85681e+00	1.48926e+01
7.39160e+09	7.83953e+00	1.47497e+01
7.40718e+09	8.13081e+00	1.44271e+01
7.42277e+09	9.10075e+00	1.34606e+01
7.43835e+09	5.49813e+00	1.56455e+01
7.45393e+09	7.42216e+00	1.54539e+01
7.46951e+09	7.33402e+00	1.47253e+01
7.48516e+09	6.96266e+00	1.30018e+01
7.50074e+09	7.02959e+00	1.38536e+01
7.51632e+09	8.81152e+00	1.44042e+01
7.53191e+09	7.85284e+00	1.41898e+01
7.54749e+09	7.59279e+00	1.50297e+01
7.56307e+09	7.01486e+00	1.41887e+01
7.57865e+09	6.59234e+00	1.31433e+01
7.59423e+09	7.49322e+00	1.44925e+01
7.60988e+09	7.24681e+00	1.42852e+01
7.62546e+09	5.86593e+00	1.43154e+01
7.64104e+09	6.29963e+00	1.37143e+01
7.65663e+09	7.42799e+00	1.45641e+01
7.67221e+09	7.54685e+00	1.46240e+01
7.68779e+09	7.40237e+00	1.34750e+01
7.70337e+09	7.26804e+00	1.33821e+01
7.71896e+09	7.64646e+00	1.33327e+01
7.73460e+09	6.51313e+00	1.39339e+01
7.75018e+09	7.34844e+00	1.37642e+01
7.76577e+09	7.18041e+00	1.57725e+01
7.78135e+09	7.07647e+00	1.38767e+01
7.79693e+09	7.56436e+00	1.46448e+01
7.81251e+09	8.49658e+00	1.35157e+01
7.82809e+09	7.31495e+00	1.39238e+01
7.84368e+09	7.81207e+00	1.42090e+01
7.85932e+09	8.07084e+00	1.34674e+01
7.87490e+09	6.27453e+00	1.41152e+01
7.89049e+09	7.79635e+00	1.33176e+01
7.90607e+09	6.97167e+00	1.52146e+01
7.92165e+09	6.60100e+00	1.41302e+01
7.93723e+09	5.50702e+00	1.44259e+01
7.95282e+09	7.27053e+00	1.36868e+01
7.96840e+09	6.36610e+00	1.46970e+01
7.98404e+09	5.90417e+00	1.44789e+01
7.99963e+09	7.50931e+00	1.28542e+01
8.01521e+09	7.49758e+00	1.36423e+01
8.03079e+09	7.72120e+00	1.27953e+01
8.04637e+09	7.99877e+00	1.43594e+01
8.06196e+09	8.30947e+00	1.40254e+01
8.07754e+09	8.07488e+00	1.27005e+01
8.09312e+09	8.74201e+00	1.29848e+01
8.10876e+09	7.54722e+00	1.38262e+01
8.12435e+09	6.29187e+00	1.32905e+01
8.13993e+09	7.52328e+00	1.36136e+01
8.15551e+09	6.33311e+00	1.42067e+01
8.17109e+09	6.22060e+00	1.26752e+01
8.18668e+09	7.93642e+00	1.53705e+01
8.20226e+09	6.87603e+00	1.41348e+01
8.21784e+09	5.74094e+00	1.35694e+01
8.23349e+09	6.79421e+00	1.38428e+01
8.24907e+09	6.29504e+00	1.40345e+01
8.26465e+09	8.13652e+00	1.29864e+01
8.28023e+09	4.21145e+00	1.44037e+01
8.29582e+09	5.96114e+00	1.37355e+01
8.31140e+09	6.50483e+00	1.32721e+01
8.32698e+09	5.99420e+00	1.27352e+01
8.34256e+09	7.57013e+00	1.27408e+01
8.35821e+09	6.98770e+00	1.31113e+01
8.37379e+09	5.94397e+00	1.40135e+01
8.38937e+09	6.73630e+00	1.33007e+01
8.40495e+09	7.33427e+00	1.19453e+01
8.42054e+09	6.60238e+00	1.29865e+01
8.43612e+09	7.47109e+00	1.24539e+01
8.45170e+09	8.08570e+00	1.36966e+01
8.46728e+09	6.36152e+00	1.28045e+01
8.48293e+09	5.36717e+00	1.27188e+01
8.49851e+09	6.07386e+00	1.27339e+01
8.51409e+09	6.87393e+00	1.33177e+01
8.52968e+09	7.66483e+00	1.35363e+01
8.54526e+09	7.81071e+00	1.32693e+01
8.56084e+09	6.77808e+00	1.24992e+01
8.57642e+09	6.87173e+00	1.40716e+01
8.59200e+09	5.98114e+00	1.29845e+01
8.60759e+09	7.03218e+00	1.36111e+01
8.62323e+09	7.92013e+00	1.41277e+01
8.63881e+09	7.27403e+00	1.27423e+01
8.65440e+09	6.42607e+00	1.34373e+01
8.66998e+09	5.22709e+00	1.26416e+01
8.68556e+09	7.09012e+00	1.27718e+01
8.70114e+09	7.63643e+00	1.28290e+01
8.71673e+09	7.27631e+00	1.39567e+01
8.73231e+09	6.64524e+00	1.36817e+01
8.74795e+09	6.82893e+00	1.28303e+01
8.76354e+09	6.38712e+00	1.41970e+01
8.77912e+09	6.65642e+00	1.13276e+01
8.79470e+09	6.17862e+00	1.26454e+01
8.81028e+09	5.96047e+00	1.11487e+01
8.82586e+09	7.87422e+00	1.23924e+01
8.84145e+09	6.80596e+00	1.23629e+01
8.85703e+09	6.68821e+00	1.18909e+01
8.87267e+09	6.37267e+00	1.29291e+01
8.88826e+09	7.76373e+00	1.33302e+01
8.90384e+09	7.09238e+00	1.33509e+01
8.91942e+09	6.12677e+00	1.15100e+01
8.93500e+09	7.26235e+00	1.14449e+01
8.95059e+09	6.74858e+00	1.26318e+01
8.96617e+09	6.75954e+00	1.20283e+01
8.98175e+09	6.09477e+00	1.26998e+01
8.99740e+09	6.42107e+00	1.27461e+01
9.01298e+09	5.94881e+00	1.12551e+01
9.02856e+09	7.58175e+00	1.21923e+01
9.04414e+09	6.01032e+00	1.16656e+01
9.05972e+09	5.84818e+00	1.11598e+01
9.07531e+09	6.43311e+00	1.23633e+01
9.09089e+09	6.24769e+00	1.21235e+01
9.10647e+09	5.98043e+00	1.27131e+01
9.12212e+09	7.10103e+00	1.25302e+01
9.13770e+09	5.95393e+00	1.13158e+01
9.15328e+09	7.30083e+00	1.16006e+01
9.16886e+09	5.70633e+00	1.28861e+01
9.18445e+09	6.47619e+00	1.27429e+01
9.20003e+09	5.76194e+00	1.14690e+01
9.21561e+09	7.93011e+00	1.17183e+01
9.23119e+09	6.74664e+00	1.14823e+01
9.24684e+09	6.17929e+00	1.15390e+01
9.26242e+09	6.30770e+00	1.14948e+01
9.27800e+09	5.16073e+00	1.15699e+01
9.29359e+09	6.05552e+00	1.21835e+01
9.30917e+09	5.48450e+00	1.17405e+01
9.32475e+09	5.57342e+00	1.31961e+01
9.34033e+09	6.18802e+00	1.23001e+01
9.35591e+09	6.42469e+00	1.10546e+01
9.37156e+09	6.22280e+00	1.25056e+01
9.38714e+09	4.80187e+00	1.23200e+01
9.40272e+09	6.12235e+00	1.11074e+01
9.41831e+09	7.07769e+00	1.17720e+01
9.43389e+09	5.84736e+00	1.18668e+01
9.44947e+09	6.29136e+00	1.13102e+01
9.46505e+09	6.67278e+00	1.12726e+01
9.48064e+09	8.49406e+00	1.16465e+01
9.49628e+09	4.96886e+00	9.91732e+00
9.51186e+09	6.46320e+00	1.06677e+01
9.52745e+09	5.57114e+00	1.21441e+01
9.54303e+09	6.20715e+00	1.08059e+01
9.55861e+09	6.10701e+00	1.17828e+01
9.57419e+09	6.07512e+00	1.12252e+01
9.58977e+09	6.93606e+00	1.16697e+01
9.60536e+09	5.67120e+00	1.04306e+01
9.62100e+09	7.69320e+00	1.23141e+01
9.63658e+09	5.27387e+00	1.06408e+01
9.65217e+09	6.58780e+00	1.16381e+01
9.66775e+09	6.83885e+00	1.16740e+01
9.68333e+09	5.86371e+00	1.05680e+01
9.69891e+09	6.20571e+00	1.09104e+01
9.71450e+09	6.57958e+00	1.00653e+01
9.73008e+09	5.56748e+00	1.21234e+01
9.74572e+09	6.55485e+00	1.08944e+01
9.76131e+09	5.87319e+00	1.05266e+01
9.77689e+09	5.59701e+00	1.16770e+01
9.79247e+09	6.96399e+00	1.13532e+01
9.80805e+09	5.60087e+00	1.12768e+01
9.82363e+09	5.99338e+00	1.11141e+01
9.83922e+09	7.45414e+00	1.18332e+01
9.85480e+09	6.60575e+00	1.26320e+01
9.87044e+09	6.16821e+00	1.13483e+01
9.88603e+09	6.09943e+00	1.14309e+01
9.90161e+09	5.78473e+00	1.10317e+01
9.91719e+09	4.93545e+00	1.14728e+01
9.93277e+09	6.16334e+00	1.16310e+01
9.94836e+09	6.63557e+00	1.18399e+01
9.96394e+09	6.78907e+00	1.17516e+01
9.97952e+09	5.81167e+00	1.15555e+01
9.99517e+09	5.09540e+00	1.03683e+01
1.00107e+10	6.21936e+00	9.99535e+00
1.00263e+10	6.15619e+00	1.09934e+01
1.00419e+10	7.17900e+00	1.09421e+01
1.00575e+10	6.80107e+00	1.02319e+01
1.00731e+10	5.81887e+00	1.03750e+01
1.00887e+10	6.65412e+00	9.95700e+00
1.01042e+10	6.44912e+00	1.21567e+01
1.01199e+10	6.77745e+00	1.12398e+01
1.01355e+10	6.53166e+00	1.09404e+01
1.01511e+10	6.90955e+00	1.11356e+01
1.01666e+10	5.19222e+00	1.15903e+01
1.01822e+10	5.71148e+00	9.75300e+00
1.01978e+10	7.93424e+00	1.08705e+01
1.02134e+10	5.87346e+00	1.16528e+01
1.02290e+10	5.85432e+00	1.16998e+01
1.02446e+10	6.15498e+00	9.65847e+00
1.02602e+10	5.80064e+00	9.90081e+00
1.02758e+10	6.33901e+00	1.18492e+01
1.02914e+10	5.43042e+00	9.68292e+00
1.03069e+10	6.76556e+00	9.21521e+00
1.03225e+10	6.61903e+00	1.11793e+01
1.03381e+10	6.42053e+00	1.09009e+01
1.03537e+10	6.58339e+00	9.81629e+00
1.03693e+10	7.16383e+00	1.21825e+01
1.03849e+10	6.14807e+00	9.34116e+00
1.04005e+10	5.16141e+00	1.06476e+01
1.04161e+10	7.52144e+00	1.00419e+01
1.04317e+10	5.64035e+00	1.06928e+01
1.04472e+10	5.72059e+00	1.07498e+01
1.04628e+10	7.02312e+00	1.16661e+01
1.04784e+10	7.23789e+00	9.81741e+00
1.04941e+10	6.30268e+00	1.07783e+01
1.05096e+10	6.29228e+00	1.08905e+01
1.05252e+10	7.45642e+00	1.01112e+01
1.05408e+10	5.52782e+00	1.03939e+01
1.05564e+10	7.25877e+00	1.04041e+01
1.05720e+10	6.99976e+00	1.09292e+01
1.05875e+10	4.48172e+00	1.02860e+01
1.06031e+10	6.40564e+00	1.07608e+01
1.06188e+10	6.44142e+00	1.15239e+01
1.06344e+10	4.76866e+00	1.06113e+01
1.06499e+10	5.96394e+00	1.13009e+01
1.06655e+10	6.51407e+00	1.06012e+01
1.06811e+10	6.65246e+00	1.03496e+01
1.06967e+10	5.96415e+00	1.03605e+01
1.07123e+10	6.80255e+00	9.16935e+00
1.07278e+10	6.48970e+00	9.67535e+00
1.07434e+10	5.78106e+00	1.08971e+01
1.07591e+10	6.37720e+00	1.06519e+01
1.07747e+10	6.03119e+00	1.03534e+01
1.07902e+10	5.71678e+00	9.30652e+00
1.08058e+10	5.54791e+00	1.01759e+01
1.08214e+10	5.49461e+00	9.56142e+00
1.08370e+10	6.49508e+00	1.10904e+01
1.08526e+10	6.52877e+00	9.55737e+00
1.08682e+10	6.45769e+00	1.10722e+01
1.08838e+10	7.61326e+00	8.87547e+00
1.08994e+10	6.21555e+00	1.07721e+01
1.09150e+10	6.13307e+00	1.16968e+01
1.09305e+10	5.67256e+00	9.69589e+00
1.09461e+10	5.87255e+00	1.11008e+01
1.09617e+10	6.79024e+00	9.47079e+00
1.09773e+10	7.08347e+00	1.00479e+01
1.09929e+10	5.73223e+00	1.09458e+01
1.10085e+10	6.28026e+00	9.85500e+00
1.10241e+10	6.93560e+00	1.00658e+01
1.10397e+10	6.83087e+00	9.74738e+00
1.10553e+10	6.89740e+00	9.39097e+00
1.10708e+10	6.64765e+00	1.00509e+01
1.10864e+10	7.06600e+00	1.03992e+01
1.11020e+10	5.72768e+00	1.05584e+01
1.11176e+10	6.48587e+00	1.01031e+01
1.11332e+10	6.04154e+00	1.02619e+01
1.11488e+10	6.07290e+00	1.01944e+01
1.11644e+10	7.69571e+00	1.01175e+01
1.11800e+10	6.46439e+00	1.05627e+01
1.11956e+10	6.04034e+00	9.48609e+00
1.12112e+10	6.64509e+00	1.01456e+01
1.12267e+10	7.92993e+00	9.49431e+00
1.12423e+10	7.08393e+00	1.01502e+01
1.12580e+10	6.37936e+00	9.91782e+00
1.12735e+10	7.06635e+00	9.81614e+00
1.12891e+10	6.17804e+00	1.03894e+01
1.13047e+10	7.49651e+00	8.26946e+00
1.13203e+10	5.78881e+00	9.41475e+00
1.13359e+10	6.19762e+00	9.62517e+00
1.13515e+10	6.52168e+00	8.22724e+00
1.13670e+10	6.95437e+00	1.05280e+01
1.13827e+10	6.22327e+00	9.62960e+00
1.13983e+10	6.74188e+00	9.81270e+00
1.14138e+10	6.89015e+00	9.23251e+00
1.14294e+10	7.48577e+00	9.54541e+00
1.14450e+10	5.51403e+00	1.01321e+01
1.14606e+10	6.08433e+00	7.48294e+00
1.14762e+10	6.82986e+00	8.75131e+00
1.14918e+10	7.20038e+00	9.30988e+00
1.15074e+10	6.50183e+00	1.00119e+01
1.15230e+10	6.53914e+00	9.96578e+00
1.15386e+10	6.65948e+00	1.01172e+01
1.15541e+10	7.41647e+00	9.16993e+00
1.15697e+10	6.18711e+00	1.09876e+01
1.15853e+10	6.76196e+00	9.21993e+00
1.16009e+10	6.71153e+00	1.01826e+01
1.16165e+10	5.65171e+00	9.11707e+00
1.16321e+10	6.84177e+00	8.84414e+00
1.16477e+10	7.96218e+00	9.10127e+00
1.16633e+10	6.83866e+00	9.85890e+00
1.16789e+10	6.64307e+00	9.68725e+00
1.16945e+10	6.79371e+00	1.13939e+01
1.17100e+10	7.33050e+00	9.82325e+00
1.17256e+10	7.31214e+00	1.02536e+01
1.17412e+10	7.33955e+00	1.01782e+01
1.17568e+10	7.05945e+00	8.41840e+00
1.17724e+10	7.11043e+00	8.90218e+00
1.17880e+10	8.10466e+00	9.33485e+00
1.18036e+10	7.14860e+00	8.98358e+00
1.18192e+10	7.78377e+00	8.97992e+00
1.18348e+10	6.90062e+00	8.71115e+00
1.18503e+10	6.27761e+00	9.81129e+00
1.18659e+10	7.13956e+00	9.29725e+00
1.18816e+10	5.93469e+00	9.91405e+00
1.18971e+10	7.14925e+00	1.07846e+01
1.19127e+10	6.72624e+00	8.88878e+00
1.19283e+10	7.43137e+00	9.76719e+00
1.19439e+10	6.61838e+00	8.83789e+00
1.19595e+10	7.05075e+00	9.26318e+00
1.19751e+10	6.27054e+00	9.97952e+00
1.19906e+10	6.52957e+00	9.21981e+00
1.20063e+10	7.27207e+00	9.09532e+00
1.20219e+10	6.97842e+00	8.38176e+00
1.20375e+10	7.04843e+00	9.09866e+00
1.20530e+10	5.95473e+00	9.34401e+00
1.20686e+10	5.55599e+00	9.52076e+00
1.20842e+10	7.31085e+00	1.01129e+01
1.20998e+10	6.66854e+00	9.22865e+00
1.21154e+10	6.59457e+00	9.22213e+00
1.21310e+10	6.81441e+00	8.84232e+00
1.21466e+10	6.61232e+00	8.99759e+00
1.21622e+10	6.77281e+00	1.00336e+01
1.21778e+10	7.29455e+00	9.28493e+00
1.21933e+10	7.43285e+00	1.07876e+01
1.22089e+10	7.07338e+00	8.54302e+00
1.22245e+10	6.96941e+00	9.99084e+00
1.22401e+10	6.70735e+00	9.79875e+00
1.22557e+10	6.88495e+00	8.41348e+00
1.22713e+10	6.11500e+00	9.25587e+00
1.22869e+10	6.69003e+00	8.34704e+00
1.23025e+10	7.05115e+00	9.43607e+00
1.23181e+10	6.35468e+00	9.25969e+00
1.23336e+10	7.10297e+00	7.94127e+00
1.23492e+10	6.36694e+00	8.39383e+00
1.23648e+10	6.82884e+00	8.75791e+00
1.23805e+10	6.15850e+00	9.23938e+00
1.23960e+10	6.56496e+00	8.27719e+00
1.24116e+10	6.81405e+00	8.39775e+00
1.24272e+10	7.38820e+00	8.40663e+00
1.24428e+10	5.88433e+00	8.98295e+00
1.24584e+10	7.40142e+00	9.34395e+00
1.24739e+10	7.69713e+00	8.18992e+00
1.24895e+10	6.13475e+00	8.12834e+00
1.25052e+10	7.54864e+00	8.44015e+00
1.25208e+10	7.01909e+00	8.64331e+00
1.25363e+10	6.57378e+00	8.21427e+00
1.25519e+10	7.44466e+00	8.37704e+00
1.25675e+10	6.51307e+00	8.79531e+00
1.25831e+10	7.67444e+00	9.11226e+00
1.25987e+10	8.57898e+00	9.13787e+00
1.26142e+10	6.95150e+00	8.77853e+00
1.26299e+10	7.95119e+00	8.76063e+00
1.26455e+10	6.97924e+00	9.17648e+00
1.26611e+10	7.48473e+00	9.09911e+00
1.26766e+10	6.83974e+00	9.28238e+00
1.26922e+10	7.62428e+00	8.05990e+00
1.27078e+10	6.96395e+00	8.89144e+00
1.27234e+10	6.58063e+00	8.69556e+00
1.27390e+10	6.35332e+00	9.09974e+00
1.27546e+10	6.44800e+00	8.41778e+00
1.27702e+10	7.44351e+00	9.86474e+00
1.27858e+10	6.97967e+00	8.94731e+00
1.28014e+10	6.55488e+00	8.95467e+00
1.28169e+10	7.92533e+00	7.80754e+00
1.28325e+10	7.74614e+00	8.69333e+00
1.28481e+10	6.38510e+00	8.85228e+00
1.28637e+10	6.81863e+00	8.86831e+00
1.28793e+10	6.70174e+00	8.64353e+00
1.28949e+10	6.19390e+00	9.02754e+00
1.29105e+10	6.64264e+00	8.64951e+00
1.29261e+10	5.89669e+00	8.30460e+00
1.29417e+10	7.46461e+00	9.76775e+00
1.29572e+10	7.16795e+00	8.53157e+00
1.29728e+10	6.40615e+00	9.23606e+00
1.29884e+10	6.67440e+00	8.81844e+00
1.30040e+10	7.72371e+00	8.42774e+00
1.30196e+10	6.32404e+00	8.80461e+00
1.30352e+10	6.92501e+00	1.01344e+01
1.30508e+10	6.76364e+00	9.10985e+00
1.30664e+10	6.32648e+00	8.59114e+00
1.30820e+10	6.06504e+00	8.79150e+00
1.30976e+10	7.21999e+00	9.41617e+00
1.31131e+10	7.09055e+00	8.40412e+00
1.31287e+10	7.07490e+00	7.96729e+00
1.31444e+10	7.63047e+00	8.98311e+00
1.31599e+10	7.22707e+00	8.10386e+00
1.31755e+10	7.25415e+00	8.53835e+00
1.31911e+10	7.55503e+00	8.14458e+00
1.32067e+10	7.00074e+00	8.59471e+00
1.32223e+10	6.63136e+00	9.25818e+00
1.32379e+10	6.82634e+00	8.16170e+00
1.32534e+10	6.28610e+00	8.26035e+00
1.32691e+10	7.08373e+00	8.86243e+00
1.32847e+10	7.26878e+00	8.43230e+00
1.33002e+10	7.46043e+00	8.53249e+00
1.33158e+10	7.32548e+00	7.78179e+00
1.33314e+10	7.62447e+00	9.03270e+00
1.33470e+10	6.48350e+00	8.79638e+00
1.33626e+10	6.95719e+00	8.88861e+00
1.33782e+10	7.15757e+00	8.61797e+00
1.33938e+10	7.29800e+00	7.90332e+00
1.34094e+10	7.34946e+00	8.17146e+00
1.34250e+10	7.06950e+00	8.67438e+00
1.34406e+10	7.46674e+00	8.80108e+00
1.34561e+10	8.26567e+00	8.78114e+00
1.34717e+10	8.12194e+00	8.66745e+00
1.34873e+10	7.93032e+00	8.69261e+00
1.35029e+10	8.20938e+00	8.57439e+00
1.35185e+10	7.80459e+00	8.70555e+00
1.35341e+10	7.63296e+00	7.72377e+00
1.35497e+10	7.05037e+00	8.46657e+00
1.35653e+10	8.28421e+00	8.64784e+00
1.35809e+10	6.11477e+00	8.63860e+00
1.35964e+10	7.61036e+00	8.29839e+00
1.36120e+10	7.03457e+00	8.99938e+00
1.36276e+10	7.58925e+00	7.92802e+00
1.36432e+10	7.49859e+00	8.45426e+00
1.36588e+10	7.09245e+00	7.62023e+00
1.36744e+10	8.36357e+00	7.81308e+00
1.36900e+10	8.05689e+00	8.81809e+00
1.37056e+10	7.78286e+00	8.43736e+00
1.37212e+10	7.14411e+00	8.30916e+00
1.37367e+10	7.63343e+00	8.55748e+00
1.37523e+10	7.07099e+00	7.77140e+00
1.37680e+10	7.82790e+00	8.04520e+00
1.37835e+10	8.15486e+00	7.97245e+00
1.37991e+10	8.04174e+00	8.38992e+00
1.38147e+10	7.95860e+00	8.35279e+00
1.38303e+10	7.69668e+00	8.35005e+00
1.38459e+10	7.16833e+00	8.12067e+00
1.38615e+10	8.34011e+00	8.26066e+00
1.38770e+10	7.66708e+00	9.27740e+00
1.38927e+10	8.30017e+00	7.86843e+00
1.39083e+10	7.83516e+00	7.86793e+00
1.39239e+10	9.13445e+00	8.20785e+00
1.39394e+10	8.23659e+00	8.06086e+00
1.39550e+10	8.73987e+00	8.59109e+00
1.39706e+10	7.86498e+00	7.73775e+00
1.39862e+10	8.14604e+00	8.90840e+00
1.40018e+10	8.31486e+00	8.90685e+00
1.40174e+10	8.15759e+00	7.71432e+00
1.40330e+10	8.00589e+00	8.75882e+00
1.40486e+10	8.37990e+00	8.18263e+00
1.40642e+10	8.74528e+00	8.23992e+00
1.40797e+10	7.94801e+00	7.63108e+00
1.40953e+10	8.27757e+00	8.11863e+00
1.41109e+10	9.17822e+00	8.38631e+00
1.41265e+10	7.97923e+00	7.70930e+00
1.41421e+10	8.44062e+00	7.97853e+00
1.41577e+10	8.70289e+00	7.86966e+00
1.41733e+10	8.37120e+00	7.60776e+00
1.41889e+10	8.15243e+00	7.61178e+00
1.42045e+10	7.65540e+00	8.18010e+00
1.42200e+10	8.08334e+00	7.36086e+00
1.42356e+10	7.62101e+00	8.31819e+00
1.42512e+10	7.60543e+00	7.69170e+00
1.42669e+10	7.68270e+00	8.39066e+00
1.42824e+10	7.77372e+00	8.00020e+00
1.42980e+10	7.73529e+00	8.16999e+00
1.43136e+10	8.14694e+00	7.56175e+00
1.43292e+10	8.39055e+00	8.51181e+00
1.43448e+10	7.78889e+00	8.90364e+00
1.43603e+10	8.52606e+00	7.60601e+00
1.43759e+10	8.46729e+00	7.19969e+00
1.43916e+10	7.51289e+00	7.85136e+00
1.44072e+10	7.73805e+00	6.97855e+00
1.44227e+10	8.43953e+00	8.42549e+00
1.44383e+10	7.68355e+00	8.34402e+00
1.44539e+10	7.80637e+00	7.06919e+00
1.44695e+10	7.47400e+00	7.24472e+00
1.44851e+10	8.10767e+00	7.93303e+00
1.45006e+10	7.72507e+00	7.34093e+00
1.45163e+10	7.64460e+00	7.82965e+00
1.45319e+10	8.00205e+00	7.26935e+00
1.45475e+10	8.15918e+00	7.29335e+00
1.45630e+10	7.76716e+00	7.55567e+00
1.45786e+10	7.84569e+00	7.68363e+00
1.45942e+10	7.47708e+00	7.18426e+00
1.46098e+10	8.00399e+00	7.02733e+00
1.46254e+10	8.08989e+00	7.90285e+00
1.46410e+10	7.65627e+00	6.96516e+00
1.46566e+10	9.20285e+00	7.64344e+00
1.46722e+10	8.38833e+00	7.44801e+00
1.46878e+10	8.26325e+00	7.20126e+00
1.47033e+10	7.49880e+00	7.38624e+00
1.47189e+10	8.54040e+00	7.92244e+00
1.47345e+10	8.16537e+00	8.09153e+00
1.47501e+10	9.00249e+00	6.93037e+00
1.47657e+10	8.15936e+00	8.16923e+00
1.47813e+10	8.68174e+00	7.66989e+00
1.47969e+10	8.22592e+00	7.50670e+00
1.48125e+10	8.31837e+00	7.84642e+00
1.48281e+10	9.19845e+00	7.94474e+00
1.48436e+10	7.91044e+00	7.76916e+00
1.48592e+10	7.96113e+00	6.40082e+00
1.48748e+10	7.95658e+00	8.46157e+00
1.48904e+10	8.50312e+00	7.15328e+00
1.49060e+10	8.09419e+00	8.10153e+00
1.49216e+10	9.18668e+00	7.12720e+00
1.49372e+10	8.82929e+00	6.84409e+00
1.49528e+10	8.99369e+00	7.22054e+00
1.49684e+10	9.17161e+00	6.71770e+00
1.49840e+10	7.98517e+00	7.44095e+00
1.49995e+10	7.86396e+00	6.92022e+00
1.50151e+10	8.60257e+00	7.22676e+00
1.50308e+10	9.40269e+00	7.07055e+00
1.50463e+10	8.81074e+00	7.22211e+00
1.50619e+10	9.78838e+00	6.84455e+00
1.50775e+10	9.62363e+00	7.95438e+00
1.50931e+10	9.15075e+00	7.85017e+00
1.51087e+10	9.22703e+00	8.04021e+00
1.51243e+10	1.04408e+01	8.11696e+00
1.51398e+10	8.76925e+00	6.88148e+00
1.51555e+10	8.72062e+00	7.47366e+00
1.51711e+10	1.03145e+01	7.65637e+00
1.51866e+10	9.17209e+00	7.85331e+00
1.52022e+10	9.82015e+00	7.21387e+00
1.52178e+10	9.34472e+00	7.44660e+00
1.52334e+10	8.52319e+00	6.60979e+00
1.52490e+10	8.71969e+00	7.61333e+00
1.52646e+10	9.05267e+00	7.66379e+00
1.52802e+10	9.25178e+00	7.37323e+00
1.52958e+10	9.52209e+00	7.69513e+00
1.53114e+10	1.02602e+01	7.42488e+00
1.53270e+10	9.54982e+00	7.81385e+00
1.53425e+10	9.20957e+00	8.10572e+00
1.53581e+10	9.48723e+00	7.06730e+00
1.53737e+10	9.07575e+00	7.27270e+00
1.53893e+10	9.31121e+00	7.38801e+00
1.54049e+10	9.92069e+00	6.17858e+00
1.54205e+10	9.79647e+00	6.29616e+00
1.54361e+10	1.01294e+01	7.51065e+00
1.54517e+10	1.05987e+01	7.66728e+00
1.54673e+10	9.89676e+00	7.61831e+00
1.54828e+10	9.12431e+00	7.12204e+00
1.54984e+10	1.02863e+01	8.48918e+00
1.55140e+10	9.81593e+00	7.21510e+00
1.55296e+10	9.16004e+00	7.76947e+00
1.55452e+10	9.23648e+00	7.67378e+00
1.55608e+10	9.30148e+00	7.35267e+00
1.55764e+10	9.63453e+00	7.70665e+00
1.55920e+10	9.60670e+00	6.94643e+00
1.56076e+10	9.69806e+00	7.25395e+00
1.56231e+10	9.33460e+00	7.10996e+00
1.56387e+10	9.62351e+00	7.24255e+00
1.56544e+10	9.91710e+00	6.49543e+00
1.56699e+10	8.96746e+00	6.92595e+00
1.56855e+10	1.02698e+01	7.66863e+00
1.57011e+10	9.92287e+00	7.27383e+00
1.57167e+10	1.01027e+01	7.71373e+00
1.57323e+10	9.50079e+00	7.81323e+00
1.57479e+10	9.54606e+00	7.55753e+00
1.57634e+10	8.87130e+00	7.09255e+00
1.57791e+10	9.93835e+00	7.95313e+00
1.57947e+10	9.07276e+00	7.57314e+00
1.58103e+10	9.85743e+00	6.68286e+00
1.58258e+10	9.29189e+00	7.20362e+00
1.58414e+10	9.64778e+00	7.23152e+00
1.58570e+10	9.83147e+00	7.85878e+00
1.58726e+10	1.00199e+01	7.27589e+00
1.58882e+10	9.45632e+00	7.78304e+00
1.59038e+10	9.26144e+00	6.70789e+00
1.59194e+10	9.50737e+00	6.81442e+00
1.59350e+10	9.93783e+00	7.20781e+00
1.59506e+10	9.55328e+00	7.22067e+00
1.59661e+10	9.81489e+00	6.59151e+00
1.59817e+10	1.02082e+01	7.72072e+00
1.59973e+10	1.03735e+01	7.64832e+00
1.60129e+10	1.10840e+01	7.64988e+00
1.60285e+10	1.05728e+01	7.03405e+00
1.60441e+10	1.11790e+01	7.13712e+00
1.60597e+10	1.03788e+01	8.21493e+00
1.60753e+10	9.79492e+00	7.91005e+00
1.60909e+10	1.03596e+01	8.04652e+00
1.61064e+10	1.03466e+01	7.87762e+00
1.61220e+10	1.00036e+01	6.92548e+00
1.61376e+10	1.02194e+01	6.74593e+00
1.61533e+10	1.05678e+01	8.39949e+00
1.61688e+10	9.98480e+00	7.89529e+00
1.61844e+10	9.92473e+00	8.06624e+00
1.62000e+10	1.09941e+01	7.85755e+00
1.62156e+10	9.55698e+00	8.00366e+00
1.62312e+10	1.00671e+01	7.90952e+00
1.62467e+10	1.09781e+01	6.11287e+00
1.62623e+10	1.11899e+01	8.24727e+00
1.62780e+10	1.17406e+01	7.19961e+00
1.62936e+10	1.11770e+01	8.11863e+00
1.63091e+10	1.16818e+01	6.97925e+00
1.63247e+10	1.18821e+01	7.10583e+00
1.63403e+10	1.12904e+01	8.55649e+00
1.63559e+10	1.09280e+01	6.54257e+00
1.63715e+10	1.12786e+01	7.09813e+00
1.63870e+10	1.17570e+01	6.20274e+00
1.64027e+10	1.16940e+01	6.86922e+00
1.64183e+10	1.19802e+01	6.49419e+00
1.64339e+10	1.06141e+01	6.58027e+00
1.64494e+10	1.15142e+01	7.23312e+00
1.64650e+10	1.13494e+01	8.00034e+00
1.64806e+10	1.09508e+01	7.13963e+00
1.64962e+10	1.07783e+01	7.54621e+00
1.65118e+10	1.11698e+01	8.36581e+00
1.65274e+10	1.16368e+01	7.31950e+00
1.65430e+10	1.09034e+01	7.11664e+00
1.65586e+10	1.08752e+01	7.59989e+00
1.65742e+10	1.11761e+01	7.29805e+00
1.65897e+10	1.21474e+01	7.51886e+00
1.66053e+10	1.18867e+01	7.66516e+00
1.66209e+10	1.16691e+01	7.72941e+00
1.66365e+10	1.11864e+01	6.94316e+00
1.66521e+10	1.18982e+01	7.97381e+00
1.66677e+10	1.16576e+01	7.78085e+00
1.66833e+10	1.09072e+01	7.73587e+00
1.66989e+10	1.19567e+01	7.19801e+00
1.67145e+10	1.09457e+01	7.49612e+00
1.67300e+10	1.13482e+01	7.77068e+00
1.67456e+10	1.14846e+01	7.63184e+00
1.67612e+10	1.14566e+01	7.14683e+00
1.67769e+10	1.10474e+01	8.10060e+00
1.67924e+10	1.15833e+01	7.38757e+00
1.68080e+10	1.11610e+01	8.21562e+00
1.68236e+10	1.05072e+01	8.02198e+00
1.68392e+10	1.11150e+01	7.72848e+00
1.68548e+10	1.06190e+01	8.06802e+00
1.68704e+10	1.16854e+01	7.45030e+00
1.68859e+10	1.03986e+01	7.80294e+00
1.69015e+10	1.04168e+01	6.91178e+00
1.69172e+10	1.00323e+01	7.19961e+00
1.69327e+10	1.11210e+01	6.99318e+00
1.69483e+10	1.06161e+01	7.19419e+00
1.69639e+10	1.06209e+01	6.56495e+00
1.69795e+10	1.10887e+01	7.17853e+00
1.69951e+10	1.07868e+01	7.12291e+00
1.70107e+10	1.16558e+01	7.08188e+00
1.70262e+10	1.16259e+01	7.07615e+00
1.70419e+10	1.02881e+01	7.27273e+00
1.70575e+10	1.10532e+01	6.98049e+00
1.70730e+10	1.11089e+01	7.28675e+00
1.70886e+10	1.25327e+01	6.81524e+00
1.71042e+10	1.00398e+01	7.53814e+00
1.71198e+10	1.15369e+01	7.88939e+00
1.71354e+10	1.12108e+01	7.01946e+00
1.71510e+10	1.09175e+01	8.38481e+00
1.71666e+10	1.09654e+01	6.93673e+00
1.71822e+10	1.16927e+01	7.29132e+00
1.71978e+10	1.21184e+01	7.54194e+00
1.72134e+10	1.22946e+01	6.86527e+00
1.72289e+10	1.22483e+01	7.78915e+00
1.72445e+10	1.19559e+01	6.78433e+00
1.72601e+10	1.24688e+01	7.90727e+00
1.72757e+10	1.19741e+01	6.19954e+00
1.72913e+10	1.15670e+01	7.63100e+00
1.73069e+10	1.31068e+01	7.45337e+00
1.73225e+10	1.17151e+01	7.27263e+00
1.73381e+10	1.27354e+01	7.70708e+00
1.73537e+10	1.12941e+01	7.13609e+00
1.73692e+10	1.22123e+01	7.04043e+00
1.73848e+10	1.20202e+01	7.73272e+00
1.74004e+10	1.29234e+01	7.91029e+00
1.74160e+10	1.23397e+01	7.11345e+00
1.74316e+10	1.14888e+01	7.13675e+00
1.74472e+10	1.23786e+01	6.49061e+00
1.74628e+10	1.29963e+01	7.06821e+00
1.74784e+10	1.37152e+01	7.50543e+00
1.74940e+10	1.31202e+01	7.28579e+00
1.75095e+10	1.38680e+01	6.69992e+00
1.75251e+10	1.35917e+01	6.79713e+00
1.75408e+10	1.32462e+01	6.92298e+00
1.75564e+10	1.28116e+01	8.35918e+00
1.75719e+10	1.40333e+01	8.23142e+00
1.75875e+10	1.31781e+01	7.53349e+00
1.76031e+10	1.39335e+01	7.41475e+00
1.76187e+10	1.38348e+01	8.09103e+00
1.76343e+10	1.41716e+01	8.52144e+00
1.76498e+10	1.40305e+01	8.53190e+00
1.76655e+10	1.44241e+01	8.83111e+00
1.76811e+10	1.33938e+01	9.19065e+00
1.76967e+10	1.37021e+01	9.06729e+00
1.77122e+10	1.33042e+01	9.46698e+00
1.77278e+10	1.36311e+01	9.94651e+00
1.77434e+10	1.30129e+01	1.00967e+01
1.77590e+10	1.32245e+01	9.75113e+00
1.77746e+10	1.30694e+01	9.44900e+00
1.77902e+10	1.27859e+01	9.55289e+00
1.78058e+10	1.25791e+01	9.73894e+00
1.78214e+10	1.26858e+01	1.02053e+01
1.78370e+10	1.29562e+01	1.04913e+01
1.78525e+10	1.23082e+01	9.76894e+00
1.78681e+10	1.20848e+01	9.18028e+00
1.78837e+10	1.17795e+01	1.01523e+01
1.78993e+10	1.19907e+01	9.17646e+00
1.79149e+10	1.18736e+01	8.58728e+00
1.79305e+10	1.21214e+01	8.74484e+00
1.79461e+10	1.23841e+01	7.96881e+00
1.79617e+10	1.23299e+01	8.06643e+00
1.79773e+10	1.20670e+01	7.23051e+00
1.79928e+10	1.19249e+01	7.20372e+00
1.80084e+10	1.23976e+01	7.19028e+00
1.80240e+10	1.27104e+01	7.18713e+00
1.80397e+10	1.31788e+01	7.47240e+00
1.80552e+10	1.44005e+01	6.98104e+00
1.80708e+10	1.35009e+01	7.60851e+00
1.80864e+10	1.40343e+01	7.24583e+00
1.81020e+10	1.41114e+01	6.88522e+00
1.81176e+10	1.50448e+01	6.86956e+00
1.81331e+10	1.42717e+01	7.19427e+00
1.81487e+10	1.48786e+01	7.75735e+00
1.81644e+10	1.50942e+01	8.11935e+00
1.81800e+10	1.53778e+01	8.94422e+00
1.81955e+10	1.53666e+01	9.28821e+00
1.82111e+10	1.42428e+01	7.98367e+00
1.82267e+10	1.47048e+01	8.54520e+00
1.82423e+10	1.59207e+01	9.04954e+00
1.82579e+10	1.53964e+01	8.90870e+00
1.82735e+10	1.48594e+01	8.56304e+00
1.82891e+10	1.46532e+01	8.91385e+00
1.83047e+10	1.58843e+01	9.18620e+00
1.83203e+10	1.55993e+01	1.00043e+01
1.83358e+10	1.48430e+01	9.62412e+00
1.83514e+10	1.45213e+01	8.72908e+00
1.83670e+10	1.42206e+01	8.99886e+00
1.83826e+10	1.42512e+01	9.27353e+00
1.83982e+10	1.45046e+01	1.01858e+01
1.84138e+10	1.38206e+01	8.95460e+00
1.84294e+10	1.36531e+01	9.72023e+00
1.84450e+10	1.38974e+01	8.65135e+00
1.84606e+10	1.46705e+01	9.54556e+00
1.84761e+10	1.37354e+01	9.46933e+00
1.84917e+10	1.31924e+01	9.39401e+00
1.85073e+10	1.35503e+01	8.93665e+00
1.85229e+10	1.43103e+01	8.52927e+00
1.85385e+10	1.46694e+01	1.03064e+01
1.85541e+10	1.47654e+01	9.00980e+00
1.85697e+10	1.48715e+01	9.71858e+00
1.85853e+10	1.48478e+01	8.89224e+00
1.86009e+10	1.42821e+01	8.63576e+00
1.86164e+10	1.43372e+01	9.00743e+00
1.86320e+10	1.53353e+01	1.02098e+01
1.86476e+10	1.52477e+01	8.58309e+00
1.86633e+10	1.48412e+01	8.68094e+00
1.86788e+10	1.45722e+01	7.86788e+00
1.86944e+10	1.57660e+01	8.71390e+00
1.87100e+10	1.63538e+01	8.32362e+00
1.87256e+10	1.65629e+01	7.75995e+00
1.87412e+10	1.69611e+01	8.95307e+00
1.87568e+10	1.75426e+01	8.49698e+00
1.87723e+10	1.68498e+01	9.53092e+00
1.87880e+10	1.77711e+01	1.01210e+01
1.88036e+10	1.70177e+01	1.01290e+01
1.88191e+10	1.76643e+01	1.04512e+01
1.88347e+10	1.66032e+01	1.09864e+01
1.88503e+10	1.66139e+01	1.12025e+01
1.88659e+10	1.68592e+01	1.06805e+01
1.88815e+10	1.66924e+01	1.12252e+01
1.88971e+10	1.55079e+01	1.06848e+01
1.89127e+10	1.61568e+01	1.10096e+01
1.89283e+10	1.55695e+01	1.10297e+01
1.89439e+10	1.55348e+01	1.01186e+01
1.89594e+10	1.56147e+01	1.02304e+01
1.89750e+10	1.59568e+01	1.09300e+01
1.89906e+10	1.57487e+01	9.18687e+00
1.90062e+10	1.61335e+01	9.36744e+00
1.90218e+10	1.60110e+01	9.09029e+00
1.90374e+10	1.66707e+01	9.10916e+00
1.90530e+10	1.75682e+01	8.94282e+00
1.90686e+10	1.74216e+01	8.31373e+00
1.90842e+10	1.78250e+01	9.83856e+00
1.90998e+10	1.79680e+01	9.99235e+00
1.91153e+10	1.82750e+01	1.03313e+01
1.91309e+10	1.82622e+01	1.05729e+01
1.91465e+10	1.84958e+01	1.09302e+01
1.91621e+10	1.78726e+01	1.17279e+01
1.91777e+10	1.67930e+01	1.13880e+01
1.91933e+10	1.77314e+01	1.21612e+01
1.92089e+10	1.73085e+01	1.16745e+01
1.92245e+10	1.64794e+01	1.26149e+01
1.92401e+10	1.70773e+01	1.20125e+01
1.92556e+10	1.70635e+01	1.24379e+01
1.92712e+10	1.67834e+01	1.19350e+01
1.92868e+10	1.68072e+01	1.14739e+01
1.93024e+10	1.70215e+01	1.18474e+01
1.93180e+10	1.81604e+01	1.14069e+01
1.93336e+10	1.80219e+01	1.11316e+01
1.93492e+10	1.83007e+01	1.14994e+01
1.93648e+10	1.79830e+01	1.04416e+01
1.93804e+10	1.66487e+01	1.01832e+01
1.93959e+10	1.84840e+01	1.05605e+01
1.94115e+10	1.90698e+01	1.06274e+01
1.94272e+10	1.88161e+01	1.02416e+01
1.94428e+10	1.91750e+01	1.04124e+01
1.94583e+10	1.80861e+01	1.08475e+01
1.94739e+10	1.92560e+01	1.13290e+01
1.94895e+10	1.94878e+01	1.13570e+01
1.95051e+10	1.91665e+01	1.07974e+01
1.95207e+10	1.85647e+01	1.13808e+01
1.95362e+10	1.81097e+01	1.18685e+01
1.95519e+10	1.96898e+01	1.08682e+01
1.95675e+10	1.95554e+01	1.27032e+01
1.95831e+10	1.88647e+01	1.15312e+01
1.95986e+10	1.90861e+01	1.22766e+01
1.96142e+10	1.97648e+01	1.18779e+01
1.96298e+10	1.98804e+01	1.14709e+01
1.96454e+10	2.01199e+01	1.23019e+01
1.96610e+10	1.98577e+01	1.16892e+01
1.96766e+10	1.93010e+01	1.09128e+01
1.96922e+10	2.01969e+01	1.16267e+01
1.97078e+10	1.94032e+01	1.20796e+01
1.97234e+10	2.00670e+01	1.19342e+01
1.97389e+10	2.03631e+01	1.21322e+01
1.97545e+10	2.14033e+01	1.14153e+01
1.97701e+10	2.14013e+01	1.15606e+01
1.97857e+10	2.08226e+01	1.23757e+01
1.98013e+10	2.08360e+01	1.16780e+01
1.98169e+10	2.15983e+01	1.23091e+01
1.98325e+10	2.15976e+01	1.24462e+01
1.98481e+10	2.19122e+01	1.22336e+01
1.98637e+10	2.24790e+01	1.25002e+01
1.98792e+10	2.16864e+01	1.33613e+01
1.98948e+10	2.25556e+01	1.33856e+01
1.99104e+10	2.23536e+01	1.35334e+01
1.99261e+10	2.25575e+01	1.37506e+01
1.99416e+10	2.32802e+01	1.40217e+01
1.99572e+10	2.33488e+01	1.43725e+01
1.99728e+10	2.24731e+01	1.50418e+01
1.99884e+10	2.26623e+01	1.52538e+01
2.00040e+10	2.27059e+01	1.46681e+01
2.00195e+10	2.21886e+01	1.60937e+01
2.00351e+10	2.18272e+01	1.50314e+01
2.00508e+10	2.26975e+01	1.58191e+01
2.00664e+10	2.23403e+01	1.61625e+01
2.00819e+10	2.14664e+01	1.62847e+01
2.00975e+10	2.21312e+01	1.67748e+01
2.01131e+10	2.21078e+01	1.61469e+01
2.01287e+10	2.08849e+01	1.57666e+01
2.01443e+10	2.08590e+01	1.60038e+01
2.01599e+10	2.12795e+01	1.47306e+01
2.01755e+10	2.21197e+01	1.58095e+01
2.01911e+10	2.14539e+01	1.56600e+01
2.02067e+10	2.20432e+01	1.56440e+01
2.02222e+10	2.19353e+01	1.64120e+01
2.02378e+10	2.27922e+01	1.59115e+01
2.02534e+10	2.34564e+01	1.60342e+01
2.02690e+10	2.29267e+01	1.49297e+01
2.02846e+10	2.31436e+01	1.59802e+01
2.03002e+10	2.31810e+01	1.58620e+01
2.03158e+10	2.29132e+01	1.60665e+01
2.03314e+10	2.40587e+01	1.66180e+01
2.03470e+10	2.35241e+01	1.68523e+01
2.03625e+10	2.30114e+01	1.77488e+01
2.03781e+10	2.42087e+01	1.67853e+01
2.03937e+10	2.50837e+01	1.75730e+01
2.04093e+10	2.43753e+01	1.64777e+01
2.04249e+10	2.46286e+01	1.72008e+01
2.04405e+10	2.42480e+01	1.74738e+01
2.04561e+10	2.48102e+01	1.75034e+01
2.04717e+10	2.52225e+01	1.82365e+01
2.04873e+10	2.37313e+01	1.85368e+01
2.05029e+10	2.60307e+01	1.87466e+01
2.05184e+10	2.44099e+01	1.91163e+01
2.05340e+10	2.51390e+01	1.87011e+01
2.05497e+10	2.55980e+01	1.85848e+01
2.05652e+10	2.47863e+01	1.88920e+01
2.05808e+10	2.54002e+01	1.90537e+01
2.05964e+10	2.52667e+01	1.94522e+01
2.06120e+10	2.51676e+01	1.99527e+01
2.06276e+10	2.54022e+01	1.91341e+01
2.06432e+10	2.49537e+01	1.97825e+01
2.06587e+10	2.58549e+01	1.95918e+01
2.06744e+10	2.51251e+01	1.94943e+01
2.06900e+10	2.54758e+01	2.03333e+01
2.07055e+10	2.63258e+01	2.05274e+01
2.07211e+10	2.59538e+01	1.96742e+01
2.07367e+10	2.65611e+01	2.02234e+01
2.07523e+10	2.61949e+01	2.08165e+01
2.07679e+10	2.62006e+01	2.03966e+01
2.07835e+10	2.66224e+01	1.97567e+01
2.07991e+10	2.67605e+01	2.00829e+01
2.08147e+10	2.71520e+01	2.17706e+01
2.08303e+10	2.74869e+01	2.12129e+01
2.08458e+10	2.76380e+01	2.14528e+01
2.08614e+10	2.85433e+01	2.26327e+01
2.08770e+10	2.75390e+01	2.27752e+01
2.08926e+10	2.84086e+01	2.32376e+01
2.09082e+10	2.69780e+01	2.27216e+01
2.09238e+10	2.78530e+01	2.28877e+01
2.09394e+10	2.81207e+01	2.32687e+01
2.09550e+10	2.86306e+01	2.38842e+01
2.09706e+10	2.84569e+01	2.38110e+01
2.09862e+10	2.90114e+01	2.45685e+01
2.10017e+10	2.89274e+01	2.52807e+01
2.10173e+10	2.88684e+01	2.55011e+01
2.10329e+10	2.82469e+01	2.53545e+01
2.10485e+10	2.88251e+01	2.59733e+01
2.10641e+10	2.93637e+01	2.61592e+01
2.10797e+10	2.91208e+01	2.59542e+01
2.10953e+10	2.87365e+01	2.73076e+01
2.11109e+10	2.94676e+01	2.78406e+01
2.11265e+10	2.93079e+01	2.71853e+01
2.11420e+10	2.92511e+01	2.82861e+01
2.11576e+10	2.93329e+01	2.88067e+01
2.11732e+10	2.98695e+01	2.81083e+01
2.11888e+10	2.99508e+01	3.00910e+01
2.12044e+10	2.99088e+01	3.04256e+01
2.12200e+10	2.78397e+01	3.11443e+01
2.12356e+10	2.81842e+01	3.12330e+01
2.12512e+10	2.86292e+01	3.07363e+01
2.12668e+10	2.85138e+01	3.17911e+01
2.12823e+10	2.76867e+01	3.22291e+01
2.12979e+10	2.78326e+01	3.28635e+01
2.13136e+10	2.84466e+01	3.18688e+01
2.13292e+10	2.83549e+01	3.27497e+01
2.13447e+10	2.82034e+01	3.26581e+01
2.13603e+10	2.77145e+01	3.37924e+01
2.13759e+10	2.87457e+01	3.24307e+01
2.13915e+10	2.76360e+01	3.37724e+01
2.14071e+10	2.79773e+01	3.34295e+01
2.14226e+10	2.73367e+01	3.43111e+01
2.14383e+10	2.84625e+01	3.31507e+01
2.14539e+10	2.91014e+01	3.43963e+01
2.14695e+10	2.76088e+01	3.43825e+01
2.14850e+10	2.75440e+01	3.57324e+01
2.15006e+10	2.83420e+01	3.53760e+01
2.15162e+10	2.81550e+01	3.47738e+01
2.15318e+10	2.83835e+01	3.65401e+01
2.15474e+10	2.78565e+01	3.56700e+01
2.15630e+10	2.88258e+01	3.61033e+01
2.15786e+10	2.79086e+01	3.70687e+01
2.15942e+10	2.89388e+01	3.70635e+01
2.16098e+10	2.90343e+01	3.75235e+01
2.16253e+10	2.81500e+01	3.83331e+01
2.16409e+10	2.78637e+01	3.90356e+01
2.16565e+10	2.87241e+01	3.92321e+01
2.16721e+10	2.74552e+01	4.01636e+01
2.16877e+10	2.79683e+01	3.98905e+01
2.17033e+10	2.75482e+01	4.14812e+01
2.17189e+10	2.74752e+01	4.09178e+01
2.17345e+10	2.77280e+01	4.13460e+01
2.17501e+10	2.73158e+01	4.24703e+01
2.17656e+10	2.71174e+01	4.23855e+01
2.17812e+10	2.68704e+01	4.26609e+01
2.17968e+10	2.77459e+01	4.27207e+01
2.18125e+10	2.73313e+01	4.35212e+01
2.18280e+10	2.70628e+01	4.43052e+01
2.18436e+10	2.67638e+01	4.57271e+01
2.18592e+10	2.69212e+01	4.55403e+01
2.18748e+10	2.68552e+01	4.55930e+01
2.18904e+10	2.70032e+01	4.61635e+01
2.19059e+10	2.65790e+01	4.68404e+01
2.19215e+10	2.64527e+01	4.75437e+01
2.19372e+10	2.54197e+01	4.73550e+01
2.19528e+10	2.55394e+01	4.73357e+01
2.19683e+10	2.56545e+01	4.82171e+01
2.19839e+10	2.52396e+01	4.93450e+01
2.19995e+10	2.46004e+01	4.85535e+01
2.20151e+10	2.43663e+01	4.96054e+01
2.20307e+10	2.47447e+01	4.99344e+01
2.20463e+10	2.53492e+01	5.04756e+01
2.20619e+10	2.30317e+01	5.17479e+01
2.20775e+10	2.40466e+01	5.18796e+01
2.20931e+10	2.40351e+01	5.31737e+01
2.21086e+10	2.31731e+01	5.29640e+01
2.21242e+10	2.23322e+01	5.39344e+01
2.21398e+10	2.24340e+01	5.42920e+01
2.21554e+10	2.16934e+01	5.45059e+01
2.21710e+10	2.13320e+01	5.55658e+01
2.21866e+10	2.11268e+01	5.65292e+01
2.22022e+10	1.96369e+01	5.63274e+01
2.22178e+10	1.94456e+01	5.77146e+01
2.22334e+10	1.83644e+01	5.73204e+01
2.22489e+10	1.90728e+01	5.75541e+01
2.22645e+10	1.85101e+01	5.96297e+01
2.22801e+10	1.76607e+01	5.96187e+01
2.22957e+10	1.65732e+01	5.92942e+01
2.23113e+10	1.65364e+01	5.95454e+01
2.23269e+10	1.64985e+01	6.10382e+01
2.23425e+10	1.52430e+01	6.09892e+01
2.23581e+10	1.45781e+01	6.03989e+01
2.23737e+10	1.39878e+01	6.11365e+01
2.23893e+10	1.37068e+01	6.22966e+01
2.24048e+10	1.32422e+01	6.23478e+01
2.24204e+10	1.17341e+01	6.39529e+01
2.24361e+10	1.19551e+01	6.40488e+01
2.24516e+10	1.11355e+01	6.43365e+01
2.24672e+10	9.51083e+00	6.46097e+01
2.24828e+10	9.77312e+00	6.47346e+01
2.24984e+10	8.14608e+00	6.54992e+01
2.25140e+10	7.41403e+00	6.49902e+01
2.25296e+10	5.46606e+00	6.59966e+01
2.25451e+10	5.63191e+00	6.60779e+01
2.25608e+10	4.24876e+00	6.60466e+01
2.25764e+10	4.28928e+00	6.64499e+01
2.25919e+10	1.26328e+00	6.63356e+01
2.26075e+10	1.40121e+00	6.62653e+01
2.26231e+10	-3.86412e-01	6.65791e+01
2.26387e+10	5.10535e-02	6.66036e+01
2.26543e+10	-1.36740e+00	6.64918e+01
2.26699e+10	-1.89585e+00	6.61029e+01
2.26855e+10	-2.51434e+00	6.59977e+01
2.27011e+10	-4.09905e+00	6.66365e+01
2.27167e+10	-4.23679e+00	6.65575e+01
2.27323e+10	-5.52545e+00	6.54825e+01
2.27478e+10	-6.22158e+00	6.56764e+01
2.27634e+10	-7.33797e+00	6.46001e+01
2.27790e+10	-8.38036e+00	6.57340e+01
2.27946e+10	-8.49185e+00	6.49681e+01
2.28102e+10	-9.74959e+00	6.40829e+01
2.28258e+10	-8.81627e+00	6.44721e+01
2.28414e+10	-1.07263e+01	6.40888e+01
2.28570e+10	-9.74951e+00	6.42965e+01
2.28726e+10	-1.15490e+01	6.44553e+01
2.28881e+10	-1.16533e+01	6.37021e+01
2.29037e+10	-1.25975e+01	6.37007e+01
2.29193e+10	-1.36692e+01	6.39830e+01
2.29349e+10	-1.36157e+01	6.27511e+01
2.29505e+10	-1.47870e+01	6.37053e+01
2.29661e+10	-1.49533e+01	6.28611e+01
2.29817e+10	-1.67906e+01	6.25785e+01
2.29973e+10	-1.75990e+01	6.23743e+01
2.30129e+10	-1.79138e+01	6.18096e+01
2.30284e+10	-1.88869e+01	6.15231e+01
2.30440e+10	-1.88772e+01	6.15692e+01
2.30597e+10	-2.03134e+01	6.09182e+01
2.30752e+10	-2.11862e+01	6.00626e+01
2.30908e+10	-2.05037e+01	5.92404e+01
2.31064e+10	-2.13952e+01	5.90278e+01
2.31220e+10	-2.16900e+01	5.82389e+01
2.31376e+10	-2.16812e+01	5.88316e+01
2.31532e+10	-2.33467e+01	5.78380e+01
2.31687e+10	-2.39161e+01	5.78261e+01
2.31843e+10	-2.40791e+01	5.76417e+01
2.32000e+10	-2.44221e+01	5.55823e+01
2.32156e+10	-2.54079e+01	5.59604e+01
2.32311e+10	-2.53256e+01	5.45247e+01
2.32467e+10	-2.60103e+01	5.44293e+01
2.32623e+10	-2.66692e+01	5.42815e+01
2.32779e+10	-2.73452e+01	5.42189e+01
2.32935e+10	-2.63138e+01	5.31600e+01
2.33090e+10	-2.78159e+01	5.29219e+01
2.33247e+10	-2.85270e+01	5.31956e+01
2.33403e+10	-2.96401e+01	5.21281e+01
2.33559e+10	-2.96780e+01	5.13038e+01
2.33714e+10	-2.88082e+01	5.11856e+01
2.33870e+10	-3.03679e+01	5.12313e+01
2.34026e+10	-2.94401e+01	4.95805e+01
2.34182e+10	-3.13326e+01	4.96272e+01
2.34338e+10	-2.99772e+01	4.79931e+01
2.34494e+10	-3.14701e+01	4.91514e+01
2.34650e+10	-3.17772e+01	4.76016e+01
2.34806e+10	-3.22363e+01	4.80862e+01
2.34962e+10	-3.25872e+01	4.65620e+01
2.35117e+10	-3.34941e+01	4.70645e+01
2.35273e+10	-3.29982e+01	4.54352e+01
2.35429e+10	-3.35539e+01	4.56121e+01
2.35585e+10	-3.30377e+01	4.38086e+01
2.35741e+10	-3.39454e+01	4.44022e+01
2.35897e+10	-3.40397e+01	4.44467e+01
2.36053e+10	-3.46841e+01	4.27071e+01
2.36209e+10	-3.36421e+01	4.32760e+01
2.36365e+10	-3.38337e+01	4.06616e+01
2.36520e+10	-3.43125e+01	4.16964e+01
2.36676e+10	-3.39744e+01	4.00192e+01
2.36832e+10	-3.48111e+01	4.03335e+01
2.36989e+10	-3.50886e+01	3.94417e+01
2.37144e+10	-3.52512e+01	3.85928e+01
2.37300e+10	-3.59335e+01	3.79479e+01
2.37456e+10	-3.53528e+01	3.73218e+01
2.37612e+10	-3.61689e+01	3.81323e+01
2.37768e+10	-3.48761e+01	3.74931e+01
2.37923e+10	-3.56905e+01	3.64657e+01
2.38079e+10	-3.49433e+01	3.67783e+01
2.38236e+10	-3.58108e+01	3.58039e+01
2.38392e+10	-3.45496e+01	3.53565e+01
2.38547e+10	-3.61666e+01	3.59198e+01
2.38703e+10	-3.50871e+01	3.49196e+01
2.38859e+10	-3.54948e+01	3.53918e+01
2.39015e+10	-3.56492e+01	3.33317e+01
2.39171e+10	-3.53403e+01	3.30972e+01
2.39327e+10	-3.49227e+01	3.26809e+01
2.39483e+10	-3.50349e+01	3.31729e+01
2.39639e+10	-3.49442e+01	3.19136e+01
2.39795e+10	-3.49413e+01	3.17644e+01
2.39950e+10	-3.55577e+01	3.16866e+01
2.40106e+10	-3.53413e+01	3.04155e+01
2.40262e+10	-3.47744e+01	3.02286e+01
2.40418e+10	-3.39499e+01	2.99589e+01
2.40574e+10	-3.40528e+01	2.98098e+01
2.40730e+10	-3.45535e+01	2.87329e+01
2.40886e+10	-3.43736e+01	2.80999e+01
2.41042e+10	-3.31428e+01	2.79985e+01
2.41198e+10	-3.33144e+01	2.93125e+01
2.41353e+10	-3.32494e+01	2.75957e+01
2.41509e+10	-3.29953e+01	2.76994e+01
2.41665e+10	-3.38511e+01	2.77738e+01
2.41821e+10	-3.36350e+01	2.73546e+01
2.41977e+10	-3.36318e+01	2.59023e+01
2.42133e+10	-3.37152e+01	2.69569e+01
2.42289e+10	-3.36496e+01	2.57555e+01
2.42445e+10	-3.35843e+01	2.56592e+01
2.42601e+10	-3.25941e+01	2.61601e+01
2.42757e+10	-3.35364e+01	2.50448e+01
2.42912e+10	-3.30984e+01	2.55357e+01
2.43068e+10	-3.29577e+01	2.49129e+01
2.43225e+10	-3.30794e+01	2.47562e+01
2.43380e+10	-3.35628e+01	2.38164e+01
2.43536e+10	-3.27737e+01	2.46242e+01
2.43692e+10	-3.31974e+01	2.31533e+01
2.43848e+10	-3.31736e+01	2.25869e+01
2.44004e+10	-3.22599e+01	2.17672e+01
2.44160e+10	-3.14209e+01	2.18801e+01
2.44315e+10	-3.21480e+01	2.32084e+01
2.44472e+10	-3.17769e+01	2.23102e+01
2.44628e+10	-3.29419e+01	2.04710e+01
2.44783e+10	-3.15392e+01	2.14621e+01
2.44939e+10	-3.16196e+01	2.08272e+01
2.45095e+10	-3.15219e+01	2.15473e+01
2.45251e+10	-3.21054e+01	2.15792e+01
2.45407e+10	-3.31759e+01	2.05445e+01
2.45563e+10	-3.15245e+01	2.10004e+01
2.45719e+10	-3.12688e+01	2.03389e+01
2.45875e+10	-3.10391e+01	2.03787e+01
2.46031e+10	-3.04399e+01	2.07802e+01
2.46187e+10	-3.04799e+01	1.95387e+01
2.46342e+10	-3.09476e+01	2.01807e+01
2.46498e+10	-3.12144e+01	1.88298e+01
2.46654e+10	-3.08988e+01	1.80831e+01
2.46810e+10	-3.07340e+01	1.99368e+01
2.46966e+10	-3.03109e+01	1.96754e+01
2.47122e+10	-3.24049e+01	2.03976e+01
2.47278e+10	-3.14817e+01	1.91315e+01
2.47434e+10	-3.09274e+01	1.93080e+01
2.47590e+10	-3.00215e+01	1.72377e+01
2.47745e+10	-3.09311e+01	1.74891e+01
2.47901e+10	-3.15943e+01	1.86891e+01
2.48057e+10	-3.08391e+01	1.82055e+01
2.48213e+10	-3.04662e+01	1.83734e+01
2.48369e+10	-3.06929e+01	1.69849e+01
2.48525e+10	-2.96197e+01	1.68926e+01
2.48681e+10	-3.04113e+01	1.83342e+01
2.48837e+10	-3.03471e+01	1.79917e+01
2.48993e+10	-3.03956e+01	1.68933e+01
2.49148e+10	-2.98675e+01	1.62710e+01
2.49304e+10	-3.01081e+01	1.56980e+01
2.49461e+10	-2.93608e+01	1.69787e+01
2.49617e+10	-3.03753e+01	1.58804e+01
2.49772e+10	-2.98398e+01	1.56585e+01
2.49928e+10	-2.92844e+01	1.43455e+01
2.50084e+10	-2.96909e+01	1.63958e+01
2.50240e+10	-2.91430e+01	1.60036e+01
2.50396e+10	-2.88643e+01	1.38919e+01
2.50551e+10	-3.01510e+01	1.45823e+01
2.50708e+10	-2.89326e+01	1.63882e+01
2.50864e+10	-2.85117e+01	1.50645e+01
2.51020e+10	-2.88983e+01	1.55578e+01
2.51175e+10	-2.91423e+01	1.47224e+01
2.51331e+10	-2.94936e+01	1.51840e+01
2.51487e+10	-2.98149e+01	1.36524e+01
2.51643e+10	-2.92571e+01	1.33464e+01
2.51799e+10	-2.88600e+01	1.34203e+01
2.51954e+10	-2.81618e+01	1.37009e+01
2.52111e+10	-2.80654e+01	1.36992e+01
2.52267e+10	-2.97582e+01	1.26029e+01
2.52423e+10	-2.96672e+01	1.25788e+01
2.52578e+10	-2.97661e+01	1.22835e+01
2.52734e+10	-2.92385e+01	1.21992e+01
2.52890e+10	-2.75839e+01	1.22082e+01
2.53046e+10	-2.74764e+01	1.23109e+01
2.53202e+10	-2.76862e+01	1.17086e+01
2.53358e+10	-2.76287e+01	1.24363e+01
2.53514e+10	-2.81493e+01	1.19054e+01
2.53670e+10	-2.72436e+01	1.08128e+01
2.53826e+10	-2.71822e+01	1.01744e+01
2.53981e+10	-2.70824e+01	1.07029e+01
2.54137e+10	-2.77000e+01	9.94397e+00
2.54293e+10	-2.63276e+01	9.79686e+00
2.54449e+10	-2.55715e+01	9.96571e+00
2.54605e+10	-2.46568e+01	1.03832e+01
2.54761e+10	-2.63690e+01	1.13708e+01
2.54917e+10	-2.57061e+01	9.69222e+00
2.55073e+10	-2.52493e+01	1.10588e+01
2.55229e+10	-2.55570e+01	1.06193e+01
2.55384e+10	-2.54244e+01	1.06520e+01
2.55540e+10	-2.45855e+01	9.93993e+00
2.55696e+10	-2.37914e+01	1.11689e+01
2.55853e+10	-2.54163e+01	1.07355e+01
2.56008e+10	-2.42369e+01	1.06555e+01
2.56164e+10	-2.54686e+01	1.13428e+01
2.56320e+10	-2.45331e+01	1.21352e+01
2.56476e+10	-2.47710e+01	1.17826e+01
2.56632e+10	-2.35017e+01	1.09075e+01
2.56788e+10	-2.54044e+01	1.16411e+01
2.56943e+10	-2.58785e+01	1.04337e+01
2.57100e+10	-2.55129e+01	1.11499e+01
2.57256e+10	-2.56289e+01	1.08662e+01
2.57411e+10	-2.55650e+01	1.02826e+01
2.57567e+10	-2.51399e+01	1.05239e+01
2.57723e+10	-2.54096e+01	9.91168e+00
2.57879e+10	-2.54903e+01	9.19514e+00
2.58035e+10	-2.52194e+01	9.45257e+00
2.58191e+10	-2.44119e+01	9.61139e+00
2.58347e+10	-2.44759e+01	1.00024e+01
2.58503e+10	-2.52127e+01	8.84523e+00
2.58659e+10	-2.52810e+01	1.03695e+01
2.58814e+10	-2.43515e+01	1.05311e+01
2.58970e+10	-2.43490e+01	8.92122e+00
2.59126e+10	-2.33569e+01	1.06521e+01
2.59282e+10	-2.49081e+01	8.64523e+00
2.59438e+10	-2.47199e+01	9.99809e+00
2.59594e+10	-2.61707e+01	9.85167e+00
2.59750e+10	-2.42215e+01	1.01250e+01
2.59906e+10	-2.51233e+01	1.03686e+01
2.60062e+10	-2.57249e+01	9.06481e+00
2.60217e+10	-2.57681e+01	8.57376e+00
2.60373e+10	-2.57476e+01	7.28048e+00
2.60529e+10	-2.58882e+01	1.06419e+01
2.60685e+10	-2.58598e+01	7.70187e+00
2.60841e+10	-2.40457e+01	8.38413e+00
2.60997e+10	-2.43616e+01	7.05059e+00
2.61153e+10	-2.38106e+01	6.97065e+00
2.61309e+10	-2.29903e+01	6.19577e+00
2.61465e+10	-2.38585e+01	7.17270e+00
2.61621e+10	-2.36784e+01	8.09515e+00
2.61776e+10	-2.40079e+01	7.90920e+00
2.61932e+10	-2.37800e+01	7.29304e+00
2.62089e+10	-2.21987e+01	6.22508e+00
2.62244e+10	-2.46208e+01	7.04938e+00
2.62400e+10	-2.48517e+01	7.23913e+00
2.62556e+10	-2.40089e+01	6.98465e+00
2.62712e+10	-2.40178e+01	7.37137e+00
2.62868e+10	-2.27794e+01	7.02317e+00
2.63024e+10	-2.37400e+01	6.52328e+00
2.63179e+10	-2.16925e+01	6.39664e+00
2.63336e+10	-2.18895e+01	5.75980e+00
2.63492e+10	-2.25336e+01	5.86418e+00
2.63647e+10	-2.28299e+01	6.49380e+00
2.63803e+10	-2.18541e+01	6.85254e+00
2.63959e+10	-2.23988e+01	6.08593e+00
2.64115e+10	-2.18275e+01	6.23115e+00
2.64271e+10	-2.12744e+01	6.59543e+00
2.64427e+10	-2.16123e+01	6.41075e+00
2.64583e+10	-2.18163e+01	7.44391e+00
2.64739e+10	-2.12194e+01	5.93519e+00
2.64895e+10	-2.07570e+01	6.29181e+00
2.65051e+10	-2.17382e+01	5.92667e+00
2.65206e+10	-2.02540e+01	7.70353e+00
2.65362e+10	-2.21883e+01	6.39577e+00
2.65518e+10	-2.21316e+01	6.87464e+00
2.65674e+10	-2.20497e+01	6.75812e+00
2.65830e+10	-2.17972e+01	6.86065e+00
2.65986e+10	-2.08320e+01	7.13265e+00
2.66142e+10	-2.09741e+01	6.40732e+00
2.66298e+10	-2.23312e+01	6.35815e+00
2.66454e+10	-2.18950e+01	6.20834e+00
2.66609e+10	-2.01424e+01	6.40882e+00
2.66765e+10	-2.15779e+01	7.20805e+00
2.66921e+10	-2.00568e+01	5.62649e+00
2.67077e+10	-2.07149e+01	6.00671e+00
2.67233e+10	-2.13903e+01	7.46108e+00
2.67389e+10	-2.08444e+01	6.98780e+00
2.67545e+10	-2.08619e+01	6.42270e+00
2.67701e+10	-2.17067e+01	6.76630e+00
2.67857e+10	-2.08484e+01	5.69096e+00
2.68012e+10	-2.09172e+01	4.74281e+00
2.68168e+10	-2.06276e+01	6.28034e+00
2.68325e+10	-2.23141e+01	6.13632e+00
2.68481e+10	-2.14248e+01	4.65652e+00
2.68636e+10	-2.22846e+01	5.20236e+00
2.68792e+10	-2.03399e+01	3.83215e+00
2.68948e+10	-2.10815e+01	4.38358e+00
2.69104e+10	-2.10691e+01	5.10767e+00
2.69260e+10	-1.94201e+01	2.45907e+00
2.69415e+10	-2.02835e+01	4.61518e+00
2.69572e+10	-2.12073e+01	5.59274e+00
2.69728e+10	-2.04497e+01	3.47615e+00
2.69884e+10	-2.12553e+01	4.03621e+00
2.70039e+10	-2.05755e+01	3.80048e+00
2.70195e+10	-1.94555e+01	5.41869e+00
2.70351e+10	-1.95426e+01	4.41319e+00
2.70507e+10	-2.07368e+01	4.98399e+00
2.70663e+10	-1.98513e+01	6.22818e+00
2.70819e+10	-2.05542e+01	5.61197e+00
2.70975e+10	-2.03261e+01	4.25694e+00
2.71131e+10	-2.07044e+01	3.97885e+00
2.71287e+10	-2.10532e+01	3.59852e+00
2.71442e+10	-2.10029e+01	4.15511e+00
2.71598e+10	-2.03310e+01	4.32610e+00
2.71754e+10	-1.95440e+01	5.35154e+00
2.71910e+10	-2.10728e+01	5.90224e+00
2.72066e+10	-1.99610e+01	4.48624e+00
2.72222e+10	-1.92027e+01	3.61128e+00
2.72378e+10	-2.11121e+01	3.25537e+00
2.72534e+10	-2.00314e+01	4.31065e+00
2.72690e+10	-1.88983e+01	4.42009e+00
2.72845e+10	-1.98447e+01	4.44629e+00
2.73001e+10	-1.90487e+01	5.17838e+00
2.73157e+10	-2.06201e+01	3.98584e+00
2.73313e+10	-2.01410e+01	2.64239e+00
2.73469e+10	-1.86197e+01	3.84584e+00
2.73625e+10	-1.81825e+01	4.31701e+00
2.73781e+10	-1.83127e+01	4.70592e+00
2.73937e+10	-2.01024e+01	4.11297e+00
2.74093e+10	-1.89149e+01	3.44745e+00
2.74248e+10	-1.87430e+01	3.06041e+00
2.74404e+10	-1.91355e+01	3.46201e+00
2.74560e+10	-1.89326e+01	2.72992e+00
2.74717e+10	-1.96689e+01	3.88720e+00
2.74872e+10	-1.95677e+01	3.95948e+00
2.75028e+10	-1.76841e+01	2.95922e+00
2.75184e+10	-1.81038e+01	4.36378e+00
2.75340e+10	-1.78559e+01	4.26723e+00
2.75496e+10	-1.79911e+01	4.15770e+00
2.75652e+10	-1.83156e+01	4.38980e+00
2.75807e+10	-1.77795e+01	3.96410e+00
2.75964e+10	-1.85820e+01	2.99408e+00
2.76120e+10	-1.74721e+01	3.88855e+00
2.76275e+10	-1.92100e+01	3.56080e+00
2.76431e+10	-1.83278e+01	4.00017e+00
2.76587e+10	-1.79908e+01	3.90190e+00
2.76743e+10	-1.81282e+01	2.83892e+00
2.76899e+10	-1.94045e+01	3.25305e+00
2.77055e+10	-1.82192e+01	4.28601e+00
2.77211e+10	-1.91132e+01	4.03029e+00
2.77367e+10	-1.89201e+01	3.17989e+00
2.77523e+10	-1.85000e+01	3.09367e+00
2.77678e+10	-1.79065e+01	3.60586e+00
2.77834e+10	-1.83268e+01	2.86168e+00
2.77990e+10	-1.78651e+01	3.08104e+00
2.78146e+10	-1.69607e+01	2.97967e+00
2.78302e+10	-1.94714e+01	3.92141e+00
2.78458e+10	-1.66954e+01	3.11689e+00
2.78614e+10	-1.77186e+01	2.69341e+00
2.78770e+10	-1.87337e+01	3.21069e+00
2.78926e+10	-1.88720e+01	1.42540e+00
2.79081e+10	-1.75923e+01	4.18092e+00
2.79237e+10	-1.74003e+01	2.56646e+00
2.79393e+10	-1.81632e+01	3.22004e+00
2.79549e+10	-1.89045e+01	2.42992e+00
2.79705e+10	-1.68565e+01	2.77032e+00
2.79861e+10	-1.63317e+01	3.30203e+00
2.80017e+10	-1.61282e+01	3.84647e+00
2.80173e+10	-1.85646e+01	2.61369e+00
2.80329e+10	-1.65446e+01	3.21483e+00
2.80485e+10	-1.71153e+01	3.87664e+00
2.80640e+10	-1.74191e+01	4.40575e+00
2.80796e+10	-1.66340e+01	4.80193e+00
2.80953e+10	-1.72244e+01	3.24448e+00
2.81108e+10	-1.59421e+01	2.88230e+00
2.81264e+10	-1.88845e+01	2.41624e+00
2.81420e+10	-1.72415e+01	4.76319e+00
2.81576e+10	-1.81435e+01	4.42895e+00
2.81732e+10	-1.88055e+01	4.76117e+00
2.81888e+10	-1.78755e+01	4.13915e+00
2.82043e+10	-1.78043e+01	5.29220e+00
2.82200e+10	-2.05905e+01	2.08615e+00
2.82356e+10	-1.87029e+01	4.11675e+00
2.82511e+10	-1.74844e+01	3.21859e+00
2.82667e+10	-1.87747e+01	3.54454e+00
2.82823e+10	-1.90676e+01	1.96212e+00
2.82979e+10	-2.02287e+01	1.92654e+00
2.83135e+10	-1.69082e+01	1.36438e+00
2.83291e+10	-1.86545e+01	2.59566e+00
2.83447e+10	-1.71500e+01	1.81031e+00
2.83603e+10	-1.83985e+01	4.28067e-01
2.83759e+10	-1.69238e+01	1.19298e+00
2.83915e+10	-1.70110e+01	1.19514e+00
2.84070e+10	-1.82582e+01	6.90895e-01
2.84226e+10	-1.88609e+01	5.99722e-01
2.84382e+10	-1.73260e+01	8.32490e-01
2.84538e+10	-1.74750e+01	4.39777e-01
2.84694e+10	-1.69506e+01	-7.40420e-01
2.84850e+10	-1.73223e+01	-1.46258e-01
2.85006e+10	-1.71305e+01	1.04644e+00
2.85162e+10	-1.77942e+01	1.61182e+00
2.85318e+10	-1.69901e+01	1.89766e+00
2.85473e+10	-1.69821e+01	1.53335e+00
2.85629e+10	-1.63566e+01	3.50445e+00
2.85785e+10	-1.56628e+01	5.17252e-01
2.85941e+10	-1.60665e+01	2.24429e+00
2.86097e+10	-1.55626e+01	1.67105e+00
2.86253e+10	-1.60732e+01	2.51831e+00
2.86409e+10	-1.61002e+01	2.68367e+00
2.86565e+10	-1.55830e+01	1.56233e+00
2.86721e+10	-1.69732e+01	6.70197e-01
2.86876e+10	-1.61673e+01	-1.69049e-01
2.87032e+10	-1.67626e+01	2.21655e+00
2.87189e+10	-1.52299e+01	1.91698e+00
2.87345e+10	-1.62611e+01	1.64105e+00
2.87500e+10	-1.63717e+01	1.40032e+00
2.87656e+10	-1.76826e+01	1.69715e+00
2.87812e+10	-1.62044e+01	1.98208e+00
2.87968e+10	-1.56578e+01	1.43710e+00
2.88124e+10	-1.75065e+01	1.25902e+00
2.88279e+10	-1.69997e+01	2.38514e+00
2.88436e+10	-1.71457e+01	2.04078e+00
2.88592e+10	-1.73732e+01	1.09793e+00
2.88748e+10	-1.66124e+01	-3.87516e-01
2.88903e+10	-1.67153e+01	-2.68362e-01
2.89059e+10	-1.64859e+01	2.81684e+00
2.89215e+10	-1.68958e+01	1.31719e+00
2.89371e+10	-1.64299e+01	1.02801e+00
2.89527e+10	-1.59216e+01	1.54657e+00
2.89683e+10	-1.73752e+01	2.46593e+00
2.89839e+10	-1.70163e+01	5.04093e-01
2.89995e+10	-1.61634e+01	1.58884e+00
2.90151e+10	-1.76294e+01	6.47022e-01
2.90306e+10	-1.61178e+01	-1.30712e-01
2.90462e+10	-1.58390e+01	3.90552e-01
2.90618e+10	-1.47664e+01	1.98220e+00
2.90774e+10	-1.59774e+01	1.17734e+00
2.90930e+10	-1.52747e+01	7.17094e-01
2.91086e+10	-1.58750e+01	2.65109e+00
2.91242e+10	-1.56295e+01	1.00866e+00
2.91398e+10	-1.61042e+01	1.38748e+00
2.91554e+10	-1.79564e+01	1.57127e+00
2.91709e+10	-1.66668e+01	1.14325e+00
2.91865e+10	-1.46556e+01	1.66137e-03
2.92021e+10	-1.69126e+01	1.45334e+00
2.92178e+10	-1.61882e+01	1.47000e+00
2.92333e+10	-1.74054e+01	1.83624e+00
2.92489e+10	-1.90302e+01	4.06936e-01
2.92645e+10	-1.70210e+01	5.49052e-01
2.92801e+10	-1.65948e+01	6.46080e-01
2.92957e+10	-1.87463e+01	-4.66152e-01
2.93112e+10	-1.74351e+01	-1.66552e+00
2.93268e+10	-1.71170e+01	-7.37585e-01
2.93424e+10	-1.82781e+01	-1.64227e+00
2.93581e+10	-1.75633e+01	-9.90710e-01
2.93736e+10	-1.46386e+01	-7.02574e-01
2.93892e+10	-1.52781e+01	-4.95687e-01
2.94048e+10	-1.56495e+01	-1.01042e+00
2.94204e+10	-1.57801e+01	1.11426e+00
2.94360e+10	-1.56287e+01	-1.03281e+00
2.94516e+10	-1.44633e+01	1.30756e+00
2.94671e+10	-1.41192e+01	-1.75028e+00
2.94828e+10	-1.42788e+01	-4.52461e-02
2.94984e+10	-1.62738e+01	1.24300e-01
2.95139e+10	-1.65835e+01	1.72574e-01
2.95295e+10	-1.60473e+01	-1.02675e+00
2.95451e+10	-1.56302e+01	-1.05131e+00
2.95607e+10	-1.66212e+01	-2.56483e-01
2.95763e+10	-1.61485e+01	-7.27635e-01
2.95919e+10	-1.66043e+01	-1.31714e-01
2.96075e+10	-1.57475e+01	-4.67386e-01
2.96231e+10	-1.43708e+01	3.42498e-01
2.96387e+10	-1.47317e+01	-7.94299e-01
2.96542e+10	-1.49009e+01	-6.00798e-01
2.96698e+10	-1.59941e+01	4.35864e-01
2.96854e+10	-1.62746e+01	6.27024e-01
2.97010e+10	-1.52415e+01	1.81097e-01
2.97166e+10	-1.74432e+01	-5.51886e-01
2.97322e+10	-1.57435e+01	-3.32359e-01
2.97478e+10	-1.60393e+01	6.22458e-01
2.97634e+10	-1.72452e+01	-3.69559e-01
2.97790e+10	-1.67672e+01	-1.99697e+00
2.97946e+10	-1.67336e+01	4.43322e-01
2.98101e+10	-1.76337e+01	-1.52661e-01
2.98257e+10	-1.56280e+01	-2.51628e-01
2.98413e+10	-1.58003e+01	-7.30699e-01
2.98569e+10	-1.64831e+01	-1.83295e+00
2.98725e+10	-1.62372e+01	-1.64293e+00
2.98881e+10	-1.43977e+01	-2.81569e+00
2.99037e+10	-1.72565e+01	-7.03742e-01
2.99193e+10	-1.58066e+01	-4.49935e-01
2.99349e+10	-1.47683e+01	-1.91842e+00
2.99504e+10	-1.40806e+01	-2.07408e+00
2.99660e+10	-1.54653e+01	-2.23058e+00
2.99817e+10	-1.33657e+01	-3.02938e+00
2.99972e+10	-1.35587e+01	-1.25505e+00
3.00128e+10	-1.49723e+01	-1.64198e+00
3.00284e+10	-1.43769e+01	-1.45015e+00
3.00440e+10	-1.33363e+01	-2.97563e+00
3.00596e+10	-1.29437e+01	-1.27272e+00
3.00752e+10	-1.35817e+01	-8.59345e-01
3.00907e+10	-1.37940e+01	-1.07398e+00
3.01064e+10	-1.63036e+01	-1.60033e+00
3.01220e+10	-1.44223e+01	-3.15106e+00
3.01375e+10	-1.65591e+01	-1.48762e+00
3.01531e+10	-1.42749e+01	-1.06657e+00
3.01687e+10	-1.54382e+01	-2.62086e+00
3.01843e+10	-1.55459e+01	-9.22926e-01
3.01999e+10	-1.71000e+01	-1.73444e+00
3.02155e+10	-1.37224e+01	-2.04244e+00
3.02311e+10	-1.50085e+01	-1.80640e+00
3.02467e+10	-1.30528e+01	6.40844e-01
3.02623e+10	-1.46287e+01	-2.32745e+00
3.02779e+10	-1.40305e+01	-2.16630e+00
3.02934e+10	-1.60558e+01	-7.02542e-01
3.03090e+10	-1.50327e+01	-1.28852e+00
3.03246e+10	-1.75616e+01	-1.08135e+00
3.03402e+10	-1.77914e+01	-1.42971e+00
3.03558e+10	-1.73354e+01	-2.92630e+00
3.03714e+10	-1.65083e+01	-3.75909e+00
3.03870e+10	-1.70224e+01	-5.14459e+00
3.04026e+10	-1.78477e+01	-4.22835e+00
3.04182e+10	-1.58853e+01	-5.66829e+00
3.04337e+10	-1.80889e+01	-6.48834e+00
3.04493e+10	-1.38978e+01	-5.51806e+00
3.04649e+10	-1.57901e+01	-4.99510e+00
3.04805e+10	-1.37186e+01	-6.07392e+00
3.04961e+10	-1.44414e+01	-6.48807e+00
3.05117e+10	-1.19205e+01	-5.96277e+00
3.05273e+10	-1.34469e+01	-4.76392e+00
3.05429e+10	-1.09878e+01	-5.87815e+00
3.05585e+10	-1.34194e+01	-4.53732e+00
3.05740e+10	-1.22961e+01	-4.20583e+00
3.05896e+10	-1.11478e+01	-4.10588e+00
3.06053e+10	-1.26012e+01	-3.88709e+00
3.06209e+10	-1.24837e+01	-2.39942e+00
3.06364e+10	-1.25155e+01	-3.27004e+00
3.06520e+10	-1.38155e+01	-3.37530e+00
3.06676e+10	-1.41041e+01	-3.26157e+00
3.06832e+10	-1.68559e+01	-2.30837e+00
